ns "trace A [ADC]" "trace B [ADC]"
-500.0 -0.10552706257294221 -0.34249197773988543
-499.0 -0.1375982856393692 -0.06693624866943987
-498.0 -0.1432073704809957 -0.1557845695601877
-497.0 -0.1620230882393679 -0.42535705433977267
-496.0 -0.16133332627299996 -0.2973773316767805
-495.0 -0.2949224059163494 -0.38491001530964697
-494.0 -0.10796290950289862 -0.047430650077915706
-493.0 -0.007416794741417311 0.030765052071745045
-492.0 -0.03714980582618325 -0.08519002816377738
-491.0 -0.05961579084022265 0.0017516163148293283
-490.0 -0.0323077215004555 -0.12207108504384359
-489.0 -0.0654966976153798 -0.05310327109632618
-488.0 -0.015277471330233976 0.12258121813864133
-487.0 -0.03469786609640173 0.19204438010566105
-486.0 0.202100995208921 0.21026320122725617
-485.0 0.14631306206607086 -0.02319714832740556
-484.0 0.04492679489820555 0.1866153525457792
-483.0 -0.08197951746711206 0.31178937306172594
-482.0 -0.02581343203449679 0.17898969845485016
-481.0 0.10511006043942592 0.36925235955233976
-480.0 0.03107264263238585 0.10959616858071695
-479.0 -0.05309811099271336 0.060053643833556485
-478.0 -0.1061194981418507 -0.01683680365248421
-477.0 -0.1589333837550382 -0.038290484086533065
-476.0 0.018529652587084028 0.26968409588070524
-475.0 0.09529050987019264 0.10218475678864797
-474.0 0.09035686619536547 0.04129238313014669
-473.0 -0.04059016583709915 -0.06433998434752415
-472.0 -0.06838646368818772 -0.20136838362095122
-471.0 0.06805986414073678 0.12287348639810969
-470.0 0.009994024471936883 0.0122370115549611
-469.0 0.039474797287459416 0.1629665753946831
-468.0 0.09490532908548305 0.046848959838385267
-467.0 0.0251522445163847 -0.11458480744973483
-466.0 -0.1311351597019547 -0.06581465737086092
-465.0 -0.09921098215897974 -0.09677240226986306
-464.0 0.08047866569917936 0.10380555990124878
-463.0 0.1995976576531579 0.05923310255857225
-462.0 0.0036723129235714767 -0.251781117665475
-461.0 -0.023383414945421312 -0.1441020108454146
-460.0 -0.14271535207525768 -0.2572784451470461
-459.0 -0.03927153574391448 -0.10331148995897792
-458.0 -0.018629397464591895 0.006050197636238738
-457.0 0.06156651625719221 -0.07399970489701209
-456.0 0.19638958163607595 -0.03244223568919536
-455.0 0.06498626765437485 -0.27539185288211865
-454.0 -0.012318632891292725 -0.17106056445574327
-453.0 0.1836124637820043 -0.07855497015992714
-452.0 0.25535765313208514 -0.1579421985819455
-451.0 0.3690345009671038 0.12273603215790502
-450.0 0.33162342259992555 -0.07257632122320774
-449.0 0.19278447421935663 0.03973187486293187
-448.0 0.19664816897366366 0.07272333281028719
-447.0 0.17589770050573103 0.06912787741130601
-446.0 0.3334205441941025 0.3626254079893071
-445.0 0.2455073528906255 0.1882363276022852
-444.0 0.15755080190301338 0.04289351673553627
-443.0 0.05447222258421652 0.020827894056945115
-442.0 0.09052760645733626 0.022119991984202534
-441.0 0.22932909391390102 0.25557457789963967
-440.0 0.14244256183557855 0.10915914561511181
-439.0 0.13417938372830235 0.10901661765281043
-438.0 0.0706308172574308 0.09112092684419648
-437.0 0.03809864400590128 -0.0385484747429479
-436.0 0.0767926768492483 0.025137710340829074
-435.0 -0.0038172449313819924 -0.04319694415536196
-434.0 0.17528090421019407 0.15197466068430984
-433.0 0.16662503336232456 0.022329463645276108
-432.0 -0.026222664493807318 -0.10744556409436457
-431.0 0.10556407595679453 -0.036682296126427365
-430.0 -0.15321370515209445 -0.1438379997141701
-429.0 0.03578224491934348 0.039042156421470464
-428.0 0.18163210449432785 -0.037937063299484576
-427.0 0.004836739441040774 -0.11704212500476117
-426.0 0.018565338187197293 0.08276576072288037
-425.0 -0.11518151474298384 -0.23779232860081084
-424.0 -0.09322170943280982 -0.1177795268329601
-423.0 -0.038819957778028304 -0.0847454306254088
-422.0 -0.10093922871955034 -0.2699443982569252
-421.0 -0.14069282837011446 -0.15382773129592386
-420.0 -0.3094061875783914 -0.39234861596278914
-419.0 -0.38754887714100944 -0.3497393835902428
-418.0 -0.3707747183628919 -0.2847234288342745
-417.0 -0.35849245441287214 -0.24213609797554492
-416.0 -0.19509963714441 -0.026679161932032583
-415.0 -0.2789705146982992 -0.3885811375971343
-414.0 -0.27564129957939315 -0.3874627719050663
-413.0 -0.18788883725617944 -0.1746238370912018
-412.0 -0.13206646371086986 -0.0937182476016735
-411.0 0.018409143033191248 0.09387060540089896
-410.0 0.04466965303692678 -0.07927464812037488
-409.0 0.02396234483090056 -4.257089424482485e-05
-408.0 0.1282846059433225 0.05564686072418861
-407.0 0.17648302081565906 0.01602593292832774
-406.0 0.14369798734512124 0.22062151514751782
-405.0 -0.009920403740452003 0.11660445048106066
-404.0 0.15922368062973094 0.2820288062981522
-403.0 0.3066467666138995 0.20403110070225822
-402.0 0.22750582825232235 0.1243700722934869
-401.0 0.2915211514233011 0.32754211059610416
-400.0 0.20798874270185888 0.22580800767433992
-399.0 0.2982942251165498 0.23245594285913557
-398.0 0.31546889281984575 0.24270899232146495
-397.0 0.21953827626699748 0.14768621287686542
-396.0 0.2564738348183321 0.12528411990525357
-395.0 0.24661712513911016 0.015277000677412616
-394.0 0.28167021837675527 0.2391950423128337
-393.0 0.32011012856868737 0.18194485644017278
-392.0 0.2399777527515585 0.011095050970577183
-391.0 0.29462072675546325 0.2881429948841936
-390.0 0.17588438251117305 0.18951224556605029
-389.0 0.357663212154664 0.3045266568380248
-388.0 0.4862997694131375 0.3357249179106625
-387.0 0.4621561316234216 0.10716713571307054
-386.0 0.5135840090776312 0.31972303646732586
-385.0 0.27286069967397314 -0.02606274033787031
-384.0 0.26867239232920487 -0.063923345651767
-383.0 0.20806488940892573 0.09467098048661292
-382.0 0.16073571569390874 0.04950503265254252
-381.0 0.3098996454401042 0.03511071310864226
-380.0 0.2590893391285249 -0.19659228096717107
-379.0 0.06816801388772847 -0.2693152722811601
-378.0 -0.12260583280304739 -0.19830754922425695
-377.0 -0.24801110670729118 -0.31195976374775486
-376.0 -0.04747659028516094 -0.221850541191465
-375.0 -0.17088544160086486 -0.38599470281066445
-374.0 -0.1844538272904889 -0.4248589627627614
-373.0 -0.15405142425117832 -0.3893108447403398
-372.0 -0.11768223529393589 -0.3685880177523809
-371.0 -0.07220725755093327 -0.06470921757839226
-370.0 -0.19582900855168872 -0.15776429579990053
-369.0 -0.03291721034833058 -0.16575997474578724
-368.0 0.0462971234798473 -0.2371769315221561
-367.0 0.013737708243615351 -0.24824656207922788
-366.0 0.06473223997992862 0.01609468601099965
-365.0 0.11752693613170823 -0.07982546401324635
-364.0 0.01968202504428167 0.1934784289686259
-363.0 0.1294954789964871 0.09049086883015277
-362.0 0.029213920811003206 -0.18083929380937916
-361.0 -0.007048001921952862 0.04999407835281622
-360.0 -0.16608259731705358 -0.07248577779523749
-359.0 -0.09035340418387375 0.2512887096865235
-358.0 0.00515582174794809 0.25260114477697787
-357.0 -0.034782186078689374 0.09111778100555692
-356.0 -0.07149239696776666 0.1466715187620911
-355.0 -0.22404260895211656 -0.08952312068776064
-354.0 -0.18931797421361718 0.11614487689642859
-353.0 -0.16275845963953367 0.21509256383029446
-352.0 -0.04866367030390131 0.15168489365775192
-351.0 0.22642155374780262 0.3214347004569852
-350.0 0.08929753894044962 0.07333609802580486
-349.0 0.03163645506850855 0.0797118538109252
-348.0 -0.15518223626461286 0.1448076932118757
-347.0 -0.09135856820329966 0.13114308099776545
-346.0 0.11740361740569753 0.289373094861211
-345.0 -0.037330425177376586 0.03696351488512755
-344.0 0.004847019422087433 0.03709303890754389
-343.0 -0.06484915789070243 0.04579616809963638
-342.0 -0.1745363341410953 -0.015556206160886855
-341.0 -0.13585951457299125 0.1514448366711514
-340.0 -0.07391080765024116 -0.06284325722509948
-339.0 0.047572735371735814 -0.0401482946415648
-338.0 -0.1180583082385728 -0.15500746341165333
-337.0 -0.13867480476919047 -0.22618511007270262
-336.0 -0.1407749845805654 0.02290685265557997
-335.0 -0.09891934206772884 -0.08522443332107923
-334.0 0.018346307196902934 0.01766910808643025
-333.0 0.12793739191252226 -0.0346226965713531
-332.0 0.04706781711648042 -0.2736019584112437
-331.0 0.04399426847635595 0.034214574766661336
-330.0 0.05281001564648295 -0.10022344222415541
-329.0 0.2073684554428661 0.07157549672704344
-328.0 0.4050927635452577 0.0651027310870952
-327.0 0.32997937894422624 -0.11139056842885156
-326.0 0.32669354196392036 0.05429742819513934
-325.0 0.29341345853341455 -0.13492856143090012
-324.0 0.41789750600885445 -0.10464270619657298
-323.0 0.44882324549810537 -0.09671994208133972
-322.0 0.41695976504634413 -0.08408734878193766
-321.0 0.35453508772663 0.010868206535747096
-320.0 0.13539069547833468 -0.2363406756519207
-319.0 0.04256449303079685 -0.10353141313820796
-318.0 0.1628670331946382 0.03086128847240629
-317.0 0.16580081477282044 -0.012851914835131734
-316.0 0.25303522261968286 0.1025420184523582
-315.0 0.14371156488996759 -0.08885402758988038
-314.0 0.19199565362742121 -0.05824504143918005
-313.0 0.1994985129119694 -0.0631067838479049
-312.0 0.1311457649146248 -0.11163497883053913
-311.0 0.24612477632375487 0.22445282949855502
-310.0 0.25158382444718563 0.115359573807179
-309.0 0.27370395703522793 0.02113247604262013
-308.0 0.34020422635606196 -0.027946820571452338
-307.0 0.15717301600622424 -0.06840674469422496
-306.0 0.12844320618159083 0.1665499435946071
-305.0 0.10330643126261248 0.004599967031846063
-304.0 0.10700860108435588 0.15084918209680048
-303.0 0.07147880952769009 0.07484794726004641
-302.0 -0.028716679094611276 -0.007574396054683754
-301.0 -0.10211532863505592 0.20118514970550475
-300.0 -0.24921236039531822 0.046796141536285175
-299.0 -0.19689249010869694 0.20772439750142693
-298.0 -0.14892391207195643 0.12577449731351958
-297.0 -0.19896651629560105 -0.05139201213026958
-296.0 -0.1517689354073797 0.0676915075668616
-295.0 -0.1477247390077059 -0.004085937805076355
-294.0 -0.14156224845799342 0.3777100740801907
-293.0 -0.19274417239884092 0.46290854118312275
-292.0 -0.06290295419962091 0.2959778923994412
-291.0 0.2482759865081097 0.5672224845999287
-290.0 0.28091247195867297 0.39798841903581794
-289.0 0.40738403582460975 0.49091025608049993
-288.0 0.44357920610221196 0.697956270600211
-287.0 0.4584252622914019 0.7515127610560464
-286.0 0.6639335260291861 0.9343579192000452
-285.0 0.6968194220088231 0.7227995322165561
-284.0 0.9176201524945837 0.8578898627555424
-283.0 1.0361351780209387 0.9879488615804884
-282.0 0.8822794035634121 1.0588575602966375
-281.0 0.9557088419207764 1.3069620209619595
-280.0 1.2086970599356033 1.2235066122678009
-279.0 1.4796999767055943 1.3288528525377505
-278.0 1.5659284164368228 1.3886990629414346
-277.0 1.5423466512411597 1.415024383576152
-276.0 1.7874044524163213 1.697407918061358
-275.0 1.7400347871595336 1.7005114506934669
-274.0 1.8446140082650333 2.0472832138501316
-273.0 2.0512510036817853 2.1189772427062987
-272.0 2.1121819454394313 1.9719857268729446
-271.0 2.1522537989928052 2.2014210692870457
-270.0 2.23938466829903 2.263402850098054
-269.0 2.387183129456488 2.4860754546973456
-268.0 2.6132310078806866 2.497460421292641
-267.0 2.617327983105117 2.463411733768033
-266.0 2.519107981201714 2.9894510222836654
-265.0 2.427393918356426 3.0877055931693365
-264.0 2.4810753862313333 3.578921726950858
-263.0 2.6074344650941783 3.786264858683387
-262.0 2.8839145979244933 3.727762274394581
-261.0 3.1497490406238393 3.8292620994952347
-260.0 3.0996503346928552 3.5224503767484174
-259.0 2.995748673213367 3.60046619747581
-258.0 3.013987911149229 3.542362598955682
-257.0 3.0870906462173666 3.504456708462902
-256.0 3.20993492787492 3.761411157409771
-255.0 3.1555028864497476 3.757906221013448
-254.0 3.217990122105956 4.152059475054251
-253.0 3.145512827816147 4.0982666903592015
-252.0 3.1808333784850036 4.2203514937218545
-251.0 3.4591052031173852 4.675790831875104
-250.0 3.60779691255614 4.3834349570450915
-249.0 3.583816679580339 4.296040854147489
-248.0 3.4794497141776595 4.145519348392926
-247.0 3.2947750455735245 4.0529209383907085
-246.0 3.371788376760309 4.327953783115727
-245.0 3.2842377185439733 4.3814816455311565
-244.0 3.4079062553799635 4.464971504422816
-243.0 3.5156385796269327 4.187814390299629
-242.0 3.3384982194481045 3.9504225141738485
-241.0 3.6232409272300465 3.9465659451820296
-240.0 3.4456505929427843 3.88386533702356
-239.0 3.3772594575174675 4.137644269887649
-238.0 3.373469859702208 4.2262641602071245
-237.0 3.2410704432661497 4.1825948426989585
-236.0 3.2254943097948057 4.349091852405031
-235.0 3.0614310765086308 3.949506418744121
-234.0 3.057589426601095 3.9305894997797126
-233.0 3.0697641575488537 3.9246236075113283
-232.0 3.108431729926511 3.833728719800497
-231.0 3.2471115085062063 4.16499902473318
-230.0 2.9835223209398434 3.9448888506120903
-229.0 2.703901878351488 3.9950030923776603
-228.0 2.868598711942972 3.9744991899194613
-227.0 2.816908051744608 3.9645244600977008
-226.0 2.940839374362175 4.306568636449406
-225.0 2.95487042437599 4.129413368864092
-224.0 3.1527957573796876 4.0326269874812635
-223.0 3.3304665283541226 3.994655217870641
-222.0 3.0981531730171614 3.830312487853611
-221.0 3.062005751555128 3.9899437116732153
-220.0 2.7938425998634817 3.827249292371843
-219.0 2.871759715253282 3.84346820874035
-218.0 2.8610296322324267 3.7805162796106084
-217.0 2.652594068440333 3.6379207719931883
-216.0 2.652876577672871 3.7969647788380136
-215.0 2.5771093952869455 3.508557794852871
-214.0 2.5604077335828497 3.6379554234911655
-213.0 2.6320499821499648 3.610664166118538
-212.0 2.7141433787198235 3.365073753172591
-211.0 2.8596430710918535 3.3091908241739616
-210.0 2.763436693891887 3.0223387193385762
-209.0 2.914603270317934 3.0824583949289224
-208.0 2.8498972014206543 3.2121840398548542
-207.0 2.7496944335357725 3.2574554218788605
-206.0 2.777381559619584 3.5325698725358454
-205.0 2.8862960781089537 3.3682878079785343
-204.0 2.9234808203505835 3.43256514752786
-203.0 2.857417050193312 3.436520245580692
-202.0 2.854786747800551 3.1397579049483837
-201.0 2.9543527304770896 3.2359757899920414
-200.0 2.9885008417897665 3.06158615316956
-199.0 2.973454014229661 3.1268763844582237
-198.0 2.9369161835071975 3.058375616949112
-197.0 2.8983141875331144 2.7776468470212032
-196.0 2.8431010869002433 3.0009700128773837
-195.0 2.678805588557971 2.8103972171942195
-194.0 2.770151888956265 2.9275579604072566
-193.0 2.731391580816893 2.7454482209245734
-192.0 2.3911496787269457 2.7059071389368246
-191.0 2.220411509080677 2.9091520707811016
-190.0 2.3322132199785015 2.689167194029714
-189.0 2.5294566824596063 2.859830019918557
-188.0 2.6544276730168357 3.0500912473738286
-187.0 2.5835198584089194 2.8223413500503294
-186.0 2.5470724456154876 2.8967714752462244
-185.0 2.2157428922812437 2.8228304776749185
-184.0 2.080899555592395 2.943334146786681
-183.0 2.2440719469387296 3.065258764168312
-182.0 2.2443286335658525 3.042335040904688
-181.0 2.2188989139503095 3.1276798288007504
-180.0 1.8637752466967545 2.688050350079012
-179.0 1.79253644018734 2.6079363148131725
-178.0 1.915342773778427 2.7480257661621637
-177.0 1.8139635767728945 2.8473949872500532
-176.0 1.816929951989435 3.0529348531706506
-175.0 1.734455046007181 2.605991399935146
-174.0 1.6831161349623727 2.5155588945818406
-173.0 1.4625151391617521 2.449077340632006
-172.0 1.3620449859194947 2.3082273242205145
-171.0 1.5211898856239312 2.6622654110072803
-170.0 1.5606074184525973 2.445385063166429
-169.0 1.561797467950595 2.411903185723406
-168.0 1.3160124002198135 2.365393622236618
-167.0 1.3463096083987198 2.226677462883285
-166.0 1.52826499135274 2.547365689381788
-165.0 1.5325830602266692 2.4702500193864587
-164.0 1.6169668193489757 2.59991315157917
-163.0 1.6113239421065528 2.4324958916545003
-162.0 1.6759145231994674 2.1564171402574708
-161.0 1.8605416102753294 2.2634959167743
-160.0 1.7194704968184855 2.2611344369997286
-159.0 1.5298568118698994 2.5351436104730656
-158.0 1.4842417792165676 2.51581082901331
-157.0 1.5728202377140033 2.3506202842904687
-156.0 1.5170457496113068 2.3995896197844147
-155.0 1.497945263869395 1.998212967216231
-154.0 1.6413708245781338 2.0663048843691256
-153.0 1.8289600867875164 2.1535906417521327
-152.0 1.7680540887391243 1.917320232750964
-151.0 1.8952155348417226 2.070864183012247
-150.0 1.7753106799126295 1.9791237166607651
-149.0 1.6928845345671315 2.2781556455415517
-148.0 1.6067501105507571 2.2333675552625354
-147.0 1.658818077417216 2.1977028705442567
-146.0 1.831660319151413 2.338857857178212
-145.0 2.0001715118745964 2.1062378470822196
-144.0 2.04299965902805 2.072468887955312
-143.0 2.2817722269492755 2.2713002857247173
-142.0 2.715941650937568 2.9549250790552475
-141.0 3.6654969527223837 3.950168318778379
-140.0 4.564307332907404 4.471107934652437
-139.0 4.958993694256457 4.8842210341968135
-138.0 4.98125149469408 5.113028894512653
-137.0 5.0657410748641745 5.470646487753997
-136.0 5.6197768235656955 6.356262220057397
-135.0 5.946028028386476 6.523687289687358
-134.0 6.0833777062911505 6.367646455825959
-133.0 5.817543852572243 5.474625157285761
-132.0 5.052694971916735 4.539091801409291
-131.0 4.426171339259685 4.3497372378351145
-130.0 4.027658962780177 3.84216351132836
-129.0 4.048664281213757 3.844506626239392
-128.0 4.051641962704288 3.7790634990075973
-127.0 3.943224853870111 3.604483413411548
-126.0 3.619329209710906 3.670969857103019
-125.0 3.202083097475381 3.704725580014278
-124.0 3.0823755480829313 4.317565795065525
-123.0 3.3830920319531987 4.8057217194622295
-122.0 3.7980624465984283 4.88834825876987
-121.0 4.021334848161872 5.0088684943918045
-120.0 3.87488140125771 4.544226534523262
-119.0 3.9990359380471565 4.385473469351507
-118.0 4.300418517106536 4.600859485508033
-117.0 4.510514453822141 5.130684700308884
-116.0 4.747458670487929 5.727128628187829
-115.0 4.551238739299187 5.4721820561961385
-114.0 4.358663827392975 5.352629623830945
-113.0 4.201488067060342 5.604184714712774
-112.0 4.21350889242075 5.694039994586094
-111.0 4.597746886289699 5.973568594089084
-110.0 4.628937982214708 5.818055929742507
-109.0 4.753578250743137 5.926975749783289
-108.0 5.008722939362536 5.983886103642211
-107.0 5.316033119368629 5.908324517008873
-106.0 5.759307492928697 6.299155145347397
-105.0 6.114694831089123 6.50839603494703
-104.0 6.353229198979356 7.092651732627865
-103.0 6.350117681245893 7.647041380088825
-102.0 6.4201287025498 8.17785731258119
-101.0 6.887863304193749 9.153576993062671
-100.0 7.689771728839528 9.603048862729064
-99.0 8.95124782257279 10.004280024197547
-98.0 10.26269684814413 10.403176832385148
-97.0 11.527440146562025 11.159953687086908
-96.0 13.311840239332877 13.294925966235773
-95.0 15.926484533017701 16.734300537515786
-94.0 20.042739021869096 22.068655649436224
-93.0 25.96098619031399 29.162856860798353
-92.0 33.08073720755775 37.433886978856435
-91.0 41.10960715510238 46.983659300003545
-90.0 49.97935853812233 57.40978686506359
-89.0 60.647832398027376 69.63909538625799
-88.0 73.01645280364372 83.41092435920604
-87.0 86.23370820712798 97.49895004780537
-86.0 99.20243159582357 111.93737510584941
-85.0 110.12605412780236 125.95894649961646
-84.0 118.44697879378229 138.01772508804487
-83.0 125.01872471986788 146.61944472165513
-82.0 131.02488135224988 153.07792292953658
-81.0 137.29594220534275 159.5832779549229
-80.0 143.8255146197245 164.75946635441667
-79.0 151.69135351982553 171.42977390060327
-78.0 162.4034454364112 182.4157264461056
-77.0 177.6042006777802 200.53637119976716
-76.0 199.2013810425486 225.89688256709013
-75.0 227.7072783345197 257.4374801457139
-74.0 261.28295942440155 295.4181865712742
-73.0 299.2990285614738 340.7567042130215
-72.0 342.7373390180156 393.2381274299
-71.0 391.1884265446088 451.44139713431105
-70.0 443.160582312668 511.4945738732778
-69.0 494.6293220412816 570.1975974305435
-68.0 542.7925579438642 623.6687519930967
-67.0 584.762180853902 670.4531496047894
-66.0 618.5800080456908 710.2366488581914
-65.0 644.339342501622 739.4410203923192
-64.0 661.0435318321769 758.6251942207439
-63.0 670.0336961203735 770.422554380158
-62.0 673.5072383428031 777.1146423236531
-61.0 673.9074623710358 777.3590493630408
-60.0 673.0742927049633 774.0637955127886
-59.0 673.2723349732152 770.4467458113302
-58.0 672.6662450931676 767.5443299627709
-57.0 673.1096171752777 765.4093729180286
-56.0 675.5563268676364 766.8542012956281
-55.0 681.2785512688836 770.950307388955
-54.0 689.122050675638 779.8600499883746
-53.0 701.2111617501886 792.1287365207551
-52.0 718.2941021998621 809.5034403423966
-51.0 739.8201980475611 832.9723935469463
-50.0 765.3327663103416 862.1301441630635
-49.0 796.2439867426734 897.0591018922441
-48.0 831.102856973622 939.5891134669396
-47.0 871.4822617255019 989.1761844496599
-46.0 918.2085317136853 1043.545741205954
-45.0 971.6726347307695 1104.40507264007
-44.0 1030.2800217662552 1172.420458147147
-43.0 1093.0802895368458 1245.4389920375063
-42.0 1160.8975954397097 1322.3573288995674
-41.0 1232.7334618509342 1403.9457009496177
-40.0 1307.2404832694087 1490.9243294741837
-39.0 1382.8263460851585 1581.1852704647915
-38.0 1459.0589703553655 1673.578890514198
-37.0 1533.9060223830763 1766.0354647828221
-36.0 1607.8628852636266 1856.2986728117867
-35.0 1679.5339081457778 1943.33473533228
-34.0 1746.3846142516456 2022.1730991763116
-33.0 1806.2749801581656 2090.083674848035
-32.0 1859.5085716399578 2146.1637007604045
-31.0 1903.624107633832 2195.5463649000517
-30.0 1936.579667378277 2238.584965848112
-29.0 1963.3027089401 2274.9191819804278
-28.0 1985.3916410341953 2304.3740788186265
-27.0 2003.6683449271147 2327.065141725124
-26.0 2015.221249888352 2342.5340340041016
-25.0 2023.0775818839838 2350.36387415815
-24.0 2027.026542082498 2354.06888258292
-23.0 2026.9869565306803 2356.8565756125477
-22.0 2023.9921231773392 2353.3454099189876
-21.0 2018.4246601857958 2348.2297380226896
-20.0 2014.0241878326474 2341.030057452012
-19.0 2009.104486117219 2330.5105162433283
-18.0 2003.8731506694069 2315.582312767089
-17.0 1997.6415620205673 2305.6454109472893
-16.0 1991.2144058610572 2296.8777393465175
-15.0 1984.6199008746537 2288.655103169133
-14.0 1977.1268298137954 2280.181114451817
-13.0 1971.3617386353937 2274.3617149724287
-12.0 1967.5600800012119 2270.82590566189
-11.0 1965.4993902361698 2269.3863049609104
-10.0 1964.431258150018 2267.535193911287
-9.0 1966.5512537751708 2267.744854982325
-8.0 1972.534685955683 2269.7218511984183
-7.0 1981.5239868751585 2279.6365379322647
-6.0 1994.1164340391572 2294.777791749283
-5.0 2008.856372536375 2312.394838831266
-4.0 2022.9541714262336 2327.22483813392
-3.0 2034.7839465041395 2345.0426474284154
-2.0 2053.2798699239306 2366.1577524146255
-1.0 2074.1400997022856 2389.63864864169
0.0 2093.6336004369878 2414.6846885625214
1.0 2109.2556171841898 2438.3642074070185
2.0 2120.723619704532 2456.2431297898265
3.0 2129.2069983490437 2467.436293087639
4.0 2137.7634138593367 2472.075487342462
5.0 2143.845724454021 2471.794836109858
6.0 2142.9425904257187 2465.689213090416
7.0 2136.49876793559 2453.7439639656714
8.0 2124.288311070274 2433.4826708024234
9.0 2100.1481727960418 2405.49506315022
10.0 2066.384909087991 2371.219884673886
11.0 2029.4265897806645 2329.372136586348
12.0 1986.199582660422 2279.1098880025943
13.0 1936.0041647899443 2221.186470772826
14.0 1880.0864751998058 2156.7878304879446
15.0 1822.6435457425262 2086.347738811479
16.0 1761.5741415906405 2011.9306215286558
17.0 1698.7166908560346 1936.8957190748665
18.0 1636.0769532392621 1861.4105981772634
19.0 1574.5818383735914 1786.2609607839095
20.0 1512.9204887025776 1713.42204486064
21.0 1452.3918212916062 1646.0298853132597
22.0 1395.0070730007421 1581.2434349839418
23.0 1341.1068172973637 1519.8548218861733
24.0 1292.1664727836412 1463.2940933018228
25.0 1246.4896324134502 1408.641072813796
26.0 1201.7511150324483 1358.2392975758053
27.0 1162.658726350534 1313.4756361361683
28.0 1129.2521583296764 1274.442848962634
29.0 1100.910937507995 1240.7842338065673
30.0 1078.4512847106284 1213.713221999838
31.0 1059.7096501736405 1190.6970684933908
32.0 1042.4431631819034 1170.1456773923808
33.0 1027.3159050380902 1152.6634496513286
34.0 1016.9205467049164 1137.839978724468
35.0 1007.8934218431681 1124.9627240973098
36.0 1000.3492204220369 1114.343613958245
37.0 994.7728049551846 1106.8936185804937
38.0 992.8348694406596 1102.4503975619068
39.0 991.5038900103967 1101.3749431250567
40.0 993.2835336097537 1102.9441360316446
41.0 997.6463154918139 1108.199641724736
42.0 1006.903751246753 1116.6214000040534
43.0 1019.0007263451647 1128.6196430837117
44.0 1034.2871587648324 1143.8091975350105
45.0 1052.4225206471874 1160.1077775905208
46.0 1073.462879985585 1179.4963432583145
47.0 1095.1346075827962 1202.594053932428
48.0 1115.8522013061956 1224.3233312938792
49.0 1133.4935768352702 1242.0226505174
50.0 1147.2190071422042 1256.1723941004054
51.0 1153.456103566436 1267.9348081478545
52.0 1151.1368373586954 1269.6286976037663
53.0 1140.5731449414639 1257.1887481107551
54.0 1119.0724072212427 1230.008096071391
55.0 1084.91802927583 1189.941498218021
56.0 1038.82600470278 1136.8232961333451
57.0 982.905665141236 1074.1518233095617
58.0 920.6167824178777 1004.7872201111535
59.0 855.2933921731945 932.5829325348049
60.0 790.9076381758118 859.505150219665
61.0 729.6143992031701 791.2596409471986
62.0 674.8874100816372 729.9433738365817
63.0 626.6394289119706 675.470228761337
64.0 584.4183169786006 628.6685940223394
65.0 547.0780750698295 589.1492195916536
66.0 516.5001879017319 556.58956010279
67.0 490.91593226428273 528.4654557679421
68.0 468.9164068883005 504.3084634588578
69.0 448.9049957306762 481.9209340964596
70.0 431.35395872950875 461.5349111886767
71.0 415.25723172850866 443.40832761897394
72.0 400.0554230132947 426.8873939821059
73.0 384.0891816392869 409.1460588048238
74.0 367.3706479269274 390.834707202108
75.0 350.57634756167295 371.7516136476898
76.0 333.45026211182676 353.6770550928522
77.0 316.2695487924967 336.3444525881468
78.0 300.1277114730774 319.9340843028566
79.0 285.7970915353003 304.8732750138005
80.0 273.1553756659568 290.9076068627325
81.0 261.32282925055426 279.0598729408936
82.0 250.61092974643012 267.5814833029117
83.0 240.769160775761 256.7999096802399
84.0 231.0991823093579 247.66138299724327
85.0 222.10010170111758 239.4913396789028
86.0 214.36281613353142 231.07182748810723
87.0 207.1980777355392 222.6085854088529
88.0 199.66862963876721 215.2947966761259
89.0 192.29531440520492 209.99528018426716
90.0 185.89414533569638 204.3642319589262
91.0 180.42551192765453 198.36484646263705
92.0 175.05478636835085 192.0191325057583
93.0 169.34218108517572 186.2570441233629
94.0 163.85262896425343 181.39312247996594
95.0 159.06196758510663 176.7068354594744
96.0 154.5185412047124 171.91196263409694
97.0 150.30177228392816 167.01169704800816
98.0 145.80213173725318 162.2363487643267
99.0 141.35855694097415 157.9558997321982
100.0 137.17316854186328 153.62780216245213
101.0 133.5561448978783 149.44874785454147
102.0 130.1275976869082 145.44753561167343
103.0 126.55614541889074 140.77915496476638
104.0 123.2078768896219 137.08819316535687
105.0 120.5138721497947 133.08463106651746
106.0 118.19478096381104 129.6156564952671
107.0 116.04753836770978 126.48351517232082
108.0 113.723811058535 124.15327937146274
109.0 111.54287912661049 122.3710125193031
110.0 109.42199434210454 119.18435790258295
111.0 107.52432475435029 115.97036401516154
112.0 105.35808531596355 113.39857514861063
113.0 103.19640486019696 110.96634482165592
114.0 100.87985196571698 108.57957682649861
115.0 98.93188592795022 106.24885519825187
116.0 97.77520884538158 104.38249090236324
117.0 96.59775880505512 102.31387971023373
118.0 95.66641835362289 100.02257150054221
119.0 94.89714399992387 98.29994676961628
120.0 94.17529290143536 96.84484336915035
121.0 92.99074350128284 95.54218105982727
122.0 91.49590085066623 93.75507353720592
123.0 89.77718363299378 92.3043678431946
124.0 87.83717165417353 91.37787043751852
125.0 85.91122570826536 89.70662687688257
126.0 84.64030122793598 87.81873264428391
127.0 83.67201544879494 86.28782123641933
128.0 82.9238215721436 85.18204084100539
129.0 81.61736341400533 84.41573148519018
130.0 79.62049522700002 82.54924534433952
131.0 77.19303566977986 80.73104205016293
132.0 74.76719362259153 78.779975362708
133.0 72.38593935766258 76.90259602988779
134.0 70.54361542099896 75.57908428856388
135.0 68.84116352406856 73.72753795866561
136.0 67.1709066929042 71.64647311540537
137.0 65.16482215128298 69.8493758191205
138.0 63.21738391857339 67.69760057672615
139.0 61.90256719597773 65.38593474438714
140.0 60.85339317426786 62.94575499644475
141.0 60.1620986405634 61.918823311761166
142.0 58.776767150454 61.203396154002085
143.0 56.84300035309623 59.79987823436959
144.0 55.081574775488995 58.62017295114322
145.0 54.074899867548446 57.0085418458775
146.0 53.53843737482419 56.1455643579324
147.0 53.04755637723532 55.62095766793309
148.0 52.51833794538458 55.47261812033437
149.0 52.309783136531635 54.84485912135871
150.0 51.730763809493624 53.770061337662085
151.0 51.16777110577258 53.25767655478688
152.0 50.89149628019273 52.52188298560768
153.0 51.02750531224437 52.11764234403229
154.0 51.35140471301432 52.087327813440325
155.0 51.143688427399816 51.76391177524458
156.0 51.605699280267515 51.90841007129053
157.0 52.14961412196127 52.33621534417681
158.0 52.23834888532953 52.61161852033581
159.0 52.12856010825881 52.48043837959773
160.0 51.92458539220714 52.01479388649646
161.0 51.60598127573525 52.22892045066328
162.0 51.46502524517379 52.52452443919454
163.0 51.530803396482796 52.34728537891283
164.0 51.3986596453942 52.232972721816864
165.0 51.18563862504947 51.65486650486568
166.0 51.2027603571594 51.99870448887748
167.0 51.14804473775567 51.827998668999804
168.0 51.10679872069169 50.9903950957703
169.0 51.148040956546126 50.869276536753404
170.0 50.83611083090426 50.7316074600959
171.0 50.365298179354234 50.95829204801685
172.0 50.01997563010262 50.73480008787668
173.0 49.779009174448824 50.51294659836755
174.0 49.33980224394011 50.369832366431375
175.0 48.524723992956844 49.658059415864884
176.0 48.042076767986025 49.39331188852119
177.0 48.16463930703285 49.3089353601649
178.0 48.20901255224579 48.99821041659187
179.0 47.856350914966555 48.87681028210823
180.0 46.982808327060646 48.0366263943219
181.0 46.03900800101601 46.88178524301556
182.0 44.884520694951576 45.66985753444244
183.0 43.414465044358536 44.55355349781032
184.0 42.676288651002196 43.667675663877226
185.0 41.97578737794017 41.96195941001627
186.0 41.51552577844876 40.675631343715516
187.0 41.204680093907584 39.6098849257734
188.0 41.088233739086576 39.08181818485791
189.0 41.05884482927509 39.86117047496589
190.0 40.87977304183241 40.553048163463615
191.0 40.893759671066526 41.1394758493579
192.0 40.951251953121734 41.7824699311184
193.0 41.02208809501685 42.627754306071196
194.0 41.273681638075395 44.0518257814711
195.0 40.8943162990398 44.67656851754889
196.0 40.92752360041342 44.833875838995404
197.0 41.57899464131595 44.44984576244757
198.0 42.45800671970385 44.260272395017864
199.0 42.8938069788218 45.230333234395744
200.0 43.17189442129708 45.995473973368654
201.0 43.7380174401618 46.76786394079943
202.0 43.726438128108555 47.42037394463632
203.0 43.452886756601266 47.330217331947516
204.0 43.12616181408564 47.00811694588279
205.0 42.54311120379277 46.081893830023304
206.0 42.174921432010386 46.367463986484516
207.0 42.28189609944721 46.617761068483446
208.0 42.97036523809787 46.24950587618489
209.0 43.6339536605806 46.17294856934471
210.0 44.29105880827496 46.10881480884842
211.0 44.53101482175463 46.508626777254456
212.0 44.65423713227395 46.31883514619564
213.0 44.87078925098803 46.352677136210225
214.0 45.339942320005335 46.52567145235415
215.0 45.214214998548194 46.18659740759499
216.0 45.35055991083043 46.168257552301526
217.0 45.21411149440246 46.888847280226464
218.0 45.423193713130345 47.23170471583859
219.0 45.811708473961545 47.80808237625201
220.0 46.17623678015634 47.962765861508295
221.0 46.040588397338475 48.11996447542983
222.0 46.29531769530993 48.00943654204724
223.0 46.54066044887068 47.492486126877374
224.0 47.37124640220248 47.425393536458955
225.0 47.547700107377956 47.43319986821578
226.0 47.32502788315739 48.193612999310226
227.0 46.79125834995472 48.593233957070524
228.0 46.40686678200254 48.623309410742934
229.0 46.74085763577169 48.59094147969531
230.0 47.174939427541204 47.91676307935728
231.0 47.37459835167702 47.48334474321775
232.0 47.621455542172455 47.778728279213965
233.0 47.60383896655622 48.21855792997978
234.0 47.24687351507877 48.3394774298273
235.0 46.9334320660568 48.231157244486624
236.0 47.08470087077099 48.61717782510376
237.0 47.34221324712694 49.063241390096785
238.0 47.06836974543322 48.80147986328481
239.0 46.86925409060106 48.53658509448983
240.0 46.44906903481232 47.95194084842943
241.0 46.111279771006465 47.634728204900235
242.0 45.78836119866637 47.34684710474171
243.0 45.88814294345177 47.19641116540058
244.0 45.91599090419397 47.28844816066661
245.0 45.30466333855476 46.887328549068066
246.0 44.79274596529609 46.70848153598526
247.0 44.48769015224938 46.59696920138885
248.0 44.51171577037004 46.319149478138534
249.0 44.55651028119137 46.60976611536714
250.0 44.520758111412725 46.22099697231048
251.0 44.296179551515905 45.811240706576385
252.0 44.0254528555203 45.484060728297614
253.0 44.02417899492634 44.64019506398783
254.0 44.293409159820484 44.564954413452114
255.0 44.063745527402716 44.292177408275606
256.0 43.739043677346324 43.919528981545525
257.0 43.48588511101595 43.17024316918065
258.0 43.37009403222607 42.67548734465457
259.0 43.55188867692769 43.25729229999917
260.0 43.50492002993058 43.23302569623387
261.0 42.951368515353835 42.9658264193201
262.0 42.27248741839967 42.46212272370115
263.0 41.68985999368532 41.86348855881297
264.0 41.457409207309816 41.08060358073068
265.0 40.56831121092792 39.90549265347089
266.0 40.058797160162065 39.36854179758555
267.0 40.288632536921476 38.70114842157025
268.0 40.28733837479365 38.028865464260896
269.0 39.84812177391639 37.923745347313414
270.0 38.97221017763615 37.40752063593089
271.0 38.479619623471365 37.26313126211419
272.0 38.200892943941646 36.93151432872645
273.0 38.009771261449096 36.454714985831686
274.0 37.808126710158135 36.07359628064229
275.0 37.59655565521904 35.40314598374133
276.0 36.948397448541556 35.24296454130889
277.0 36.18423421812071 35.07534901854656
278.0 35.53652413932763 34.345931120590976
279.0 35.47822581759131 33.86559157336017
280.0 35.062389094054026 33.280498033581296
281.0 34.4493616477439 32.95144391299201
282.0 33.83438352015604 32.368145346528195
283.0 32.92948301400074 32.052831212612524
284.0 32.15838607299198 32.07219512825849
285.0 31.497900881629985 31.269068641221413
286.0 31.070796951684812 30.851908841589577
287.0 30.542563733730848 30.501593203531346
288.0 30.098850712671275 29.682336836378614
289.0 29.522056153608997 28.968671163511946
290.0 28.94026331160401 28.11158105856635
291.0 28.716386834383883 27.824035314280703
292.0 28.797162162515313 27.676120022702534
293.0 28.66161976673254 27.150028395123446
294.0 28.51430433338036 26.72901871561356
295.0 28.052899871064206 25.90918921152466
296.0 27.64323737861324 25.61310192509158
297.0 27.496168656995764 25.110076683430155
298.0 27.418877531032365 24.245574078591826
299.0 27.394126701780834 23.773831660998564
300.0 26.851734325033547 23.26726469792487
301.0 26.258268713021305 23.29685952786082
302.0 25.455167864083382 23.26036532805508
303.0 24.90482881677521 23.38581030658369
304.0 24.48596248766077 23.88060067018216
305.0 24.041345227481862 23.337986313963427
306.0 23.901403934317372 23.045930538659544
307.0 23.322450718672787 22.740522706838295
308.0 22.913560808026578 22.25288538732529
309.0 22.83894750709664 22.16577330639587
310.0 22.85373439744419 21.90427092063197
311.0 22.807673403384438 22.25403324371083
312.0 22.492052154816644 22.576395872944463
313.0 21.95106913854114 22.306009503447658
314.0 21.4306266339373 22.708142819682063
315.0 21.128696310598237 22.94574314668504
316.0 21.41811393752577 23.313074481119273
317.0 21.48271393973984 23.342159973053384
318.0 21.454875304911607 23.274353491293102
319.0 21.402171154766346 23.11411249141188
320.0 21.313664617899203 22.255193109820276
321.0 21.40414711611972 21.716681743472503
322.0 21.34513380451893 21.426311227622108
323.0 20.950127663141092 21.6382770713392
324.0 20.63903603648341 21.889043100328134
325.0 20.524853221766318 21.539403509865405
326.0 20.435490193444306 21.58416085928045
327.0 20.362803722790975 21.89517289340712
328.0 20.22318422169998 21.418279402493553
329.0 20.01436005977573 21.206960275446022
330.0 20.080631738264536 20.75418233881652
331.0 20.419419896248165 20.480388918459298
332.0 20.519272384613917 20.352565560120723
333.0 20.509818102474835 19.920028730710946
334.0 20.553577663932945 19.939377537966877
335.0 20.51541990602993 19.524047691471875
336.0 20.305545455776606 19.58799758835014
337.0 19.901761861304802 19.595987111192184
338.0 19.525640912903775 19.443043152608332
339.0 19.366427657979763 19.447018516190433
340.0 19.25406514221809 19.44602379934804
341.0 19.29805007165068 19.559582950963108
342.0 19.236043793571497 19.410782363320266
343.0 19.435594472437494 18.954888246540328
344.0 19.507635320858626 18.91462090353956
345.0 19.28533270330274 18.449871851143012
346.0 19.2693002545203 18.02582216946005
347.0 19.209385982805834 17.95072397460764
348.0 18.888383735128567 17.89713908803624
349.0 18.561366627367935 18.130921731589243
350.0 18.379760325980833 17.99578922612584
351.0 18.749109991463317 18.095617644026206
352.0 18.88347318393236 17.879401318289997
353.0 18.382394147081353 17.4937758010131
354.0 17.95727914519121 17.535446016147173
355.0 17.795005912367508 17.434219178406426
356.0 18.06396893379267 17.496439617289717
357.0 18.29367476374418 17.579930921248277
358.0 18.373362304081052 17.43852985185041
359.0 18.43964398549528 17.85484592907039
360.0 18.657790816132824 17.92113602409348
361.0 18.47456433289154 18.305205956487743
362.0 18.06657786419598 18.367577874794907
363.0 17.72172030477434 18.511779083573746
364.0 17.86801310549606 19.06370754747174
365.0 17.747829541640407 19.212695478020848
366.0 17.563778886754278 19.308790705200714
367.0 17.20388514091658 19.12419469260978
368.0 16.898076618164865 18.68107936777097
369.0 17.110119824458366 18.452047633727123
370.0 17.377655822328904 17.55704563811022
371.0 17.4507722877769 17.378632265524512
372.0 17.37521547692594 17.264352134416033
373.0 17.073122531269483 17.212623469451025
374.0 16.720479171705858 17.427725128066136
375.0 16.375580806145237 17.604223125463374
376.0 16.309706939283608 17.74490036045073
377.0 16.176124747340207 17.310559410998312
378.0 15.874519881540131 16.655538621689228
379.0 16.017313424731697 16.64562561711176
380.0 16.102395839564352 16.182728301904746
381.0 16.164815923102434 15.804805800225225
382.0 16.24907301820839 15.227516515204522
383.0 16.133230353585798 15.028640148687852
384.0 15.743919820366337 15.351617510153929
385.0 15.194444913155188 15.428983270319092
386.0 14.664461876030645 15.645771122402206
387.0 14.349881943633852 15.669779407434234
388.0 14.116753057390067 15.435944703625967
389.0 14.180637416789214 15.262719970601905
390.0 14.033086748734604 14.457151103015466
391.0 14.033374941312571 14.167108924241028
392.0 13.995593991475532 14.146323968788376
393.0 14.057224274564037 14.032084567859537
394.0 14.213355571136447 13.937469099045853
395.0 14.331602048884283 13.732695142891611
396.0 14.6333629538685 13.871617403212568
397.0 14.647926530235454 13.918702663504746
398.0 14.500216974897228 13.653925418228722
399.0 14.47931555074573 13.817689789823289
400.0 14.43306706109581 13.46443214118437
401.0 14.337109416055325 13.289569056752683
402.0 14.276430712991901 13.15359208099136
403.0 13.94538702296391 13.090525176470813
404.0 13.654171351095053 13.510285597400886
405.0 13.459418342642017 13.420776042434824
406.0 13.393035911619306 13.739317401737983
407.0 13.171214920906385 13.776278247187904
408.0 12.826468536541707 13.843733117191553
409.0 12.761733054926419 14.333843668638112
410.0 12.542612170343425 14.341465399652515
411.0 12.631975925322003 14.19840151013493
412.0 12.652349590201108 13.995771447153194
413.0 12.894854558370358 14.040923019297283
414.0 13.244315485992239 14.267672939564939
415.0 13.443375884066532 14.183720225459638
416.0 13.216768289241882 14.189579963436
417.0 13.377553841126065 14.1783839371654
418.0 13.628589457541931 14.08760337259746
419.0 13.528406818738404 14.584671223090721
420.0 13.26810507498297 14.649113823555151
421.0 13.157198430752418 14.889082819150827
422.0 13.10873387413304 14.881257442971316
423.0 13.091329837902114 14.909958427971754
424.0 13.031302219666095 14.978898571583818
425.0 12.87538037633217 14.335359748798107
426.0 12.911975817736112 13.8742296962154
427.0 12.589304229051736 13.35417248977199
428.0 12.569524888034774 12.853000399638626
429.0 12.789003670764021 12.674964452643387
430.0 12.782870234641214 12.402323286903986
431.0 12.656568709691271 12.468377189127875
432.0 12.392593627973048 12.551547015281146
433.0 11.895755261885588 12.495187245505601
434.0 11.673105602857788 12.518249470683164
435.0 11.567049668005719 11.956379908663504
436.0 11.573228624836643 11.822953463366817
437.0 11.781071528444063 11.400011423526413
438.0 11.792046308336221 11.025056884945913
439.0 12.151431841947925 10.99100382559598
440.0 12.393803819597371 10.89012283879535
441.0 12.334271429547327 11.328465698953599
442.0 12.042516008654152 11.899074138328688
443.0 11.818777182492394 11.988094478013911
444.0 11.774057287320758 12.222269592673022
445.0 11.679880300397016 12.166865406196033
446.0 11.656994469649163 12.439966052917176
447.0 11.622709281655757 12.441189185399221
448.0 11.667138950375907 12.202644570585482
449.0 11.838205277789351 12.261717648457543
450.0 11.822181528987477 11.953480679771362
451.0 11.67028339420396 12.18470463908624
452.0 11.651330652533169 12.143293894690009
453.0 11.535406931104337 11.830432055839887
454.0 11.415046521976578 12.035133404537731
455.0 11.11131803085305 11.893696100336667
456.0 11.139914841726386 11.655624041716116
457.0 11.164770905420617 11.74316716550964
458.0 11.146645149229842 11.726768251535717
459.0 11.146978779375395 11.805262449029412
460.0 11.196278168663786 11.57234200492864
461.0 11.33116570458825 11.831526930602976
462.0 11.54851125013089 11.927911547097812
463.0 11.851151071134968 11.68369905624738
464.0 12.09815924284465 12.070640697887367
465.0 11.930560010856945 12.210410095462098
466.0 11.682009782621327 12.459826946849173
467.0 11.303069705001963 12.332048783957903
468.0 10.836587974303718 12.491560710644901
469.0 10.386844538397101 12.965517670887342
470.0 10.060337978375864 12.813209885105287
471.0 10.272192796882068 12.812695825339528
472.0 10.316879323768362 13.013742977954351
473.0 10.159706719725175 12.910648370027912
474.0 10.395717507353723 12.745387810480471
475.0 10.594404003437427 12.411851084323512
476.0 10.820485135373856 12.571896049092972
477.0 10.63008236301117 12.94212435374887
478.0 10.683168259644285 12.989849841069551
479.0 10.905398141329234 13.218496105494895
480.0 10.96001761504335 12.761072286954441
481.0 11.273609980135417 12.417049170875265
482.0 11.424039093466037 12.091014681364168
483.0 11.28049698300542 11.826820576968332
484.0 11.094446469146014 11.651740408358744
485.0 10.848585253838795 10.80313216285229
486.0 10.903988403319834 10.441536906752942
487.0 10.78443825280315 10.181292450091293
488.0 10.75563107884398 10.006181807635256
489.0 11.074830599596707 10.098793148832014
490.0 10.98358361031173 10.108333573865632
491.0 10.74577973893056 10.485516159103462
492.0 10.432417817792244 10.663731568959061
493.0 10.211505949676836 10.411746093247448
494.0 10.112560468243018 10.492291826253657
495.0 9.944998347081361 10.424679685822994
496.0 10.13691029453265 10.386975382903653
497.0 10.292295620258798 10.221304786407229
498.0 10.197304935054177 9.8624112590593
499.0 10.113468144728872 9.99310296975959
500.0 10.02497281640695 9.886350815551166
