ns "trace A [ADC]" "trace B [ADC]"
-500.0 0.1355414107697652 -0.02818032157442076
-499.0 0.1472599197121554 -0.06538581742923133
-498.0 0.025026832392263162 0.010377752892457522
-497.0 -0.0300879085020642 0.08733652071356185
-496.0 -0.01987226601120933 -0.029552088482474287
-495.0 0.04734895025096921 -0.13199554042262615
-494.0 0.06202735500248821 -0.22757832177410608
-493.0 0.016763268761981472 -0.23245882228616394
-492.0 -0.05282716730824468 -0.24371508394947172
-491.0 -0.08787892401835572 -0.2947235682798609
-490.0 0.08568335197606211 -0.25532428288812525
-489.0 0.006854337108232729 -0.30212470606097475
-488.0 0.0010473461479050075 -0.467450995224342
-487.0 -0.021938518991642907 -0.294197642190842
-486.0 0.02863878362421966 -0.23480464602502205
-485.0 0.03323477363929123 -0.10915212896868479
-484.0 -0.0741548200696896 -0.11614020134302569
-483.0 -0.06264478257296868 -0.192245698038145
-482.0 -0.08658907247363974 -0.2498802265697279
-481.0 -0.2398852391301148 -0.2938556396354979
-480.0 -0.1818812273412259 -0.0638794193531271
-479.0 -0.1927758755581875 0.04452353631416328
-478.0 -0.07994647721107034 0.024762873917567704
-477.0 -0.07066228660152558 0.0016540927372872267
-476.0 -0.2621296241691523 -0.21299353348097658
-475.0 -0.3223360744976162 -0.08584206065731133
-474.0 -0.2934894156199312 0.1172112359003454
-473.0 -0.15486528546261386 0.2018566109906706
-472.0 0.04259930123287341 0.2802852839688714
-471.0 -0.03257703788172949 0.23242140355602017
-470.0 -0.01268386696177913 0.15718689577755277
-469.0 -0.15797133768564814 0.06245966623791603
-468.0 -0.133735233500811 0.14402970086384437
-467.0 0.0061873659343851875 0.21874198437058942
-466.0 -0.043743003481849105 0.28906421766924856
-465.0 -0.02285419677137543 0.3010122031805454
-464.0 -0.06149846875109502 0.3011521797789084
-463.0 -0.08488359798590685 0.2987717841233943
-462.0 -0.10432331157145222 0.20527048640347773
-461.0 -0.039820971465700114 0.19122824847024167
-460.0 0.04439096906856139 0.1435802052039012
-459.0 0.015090409209170376 0.0775538931445392
-458.0 0.08066574866950249 0.09538203401865888
-457.0 0.07599373366812211 0.16601113636051884
-456.0 -0.060006617121411567 -0.07591594656973623
-455.0 0.0005351643928661361 0.02809299649745799
-454.0 0.055119297935614306 0.013852360741357475
-453.0 0.03978381034260239 -0.033662947885890096
-452.0 0.068789023392972 -0.05580967609002264
-451.0 0.026356257484007828 -0.029487826342473333
-450.0 0.06181307641436433 -0.06580402005866062
-449.0 0.05464856719596862 -0.03820401068845548
-448.0 0.03206885602229011 0.05874717473135091
-447.0 0.04592788674856858 0.06695695614207062
-446.0 0.028263963953462368 -0.01649928994432566
-445.0 0.062484748757175114 -0.006909671530657306
-444.0 -0.052120812362992666 -0.023372386790393038
-443.0 -0.07194707038740884 -0.1170472836557195
-442.0 -0.03901606501140199 -0.09820438560306796
-441.0 -0.07071535824657338 -0.15449913185954792
-440.0 0.02519848771503166 -0.0842700589275105
-439.0 0.08755346467124617 -0.1486355293061703
-438.0 0.04310739881019534 -0.09815367864262671
-437.0 0.030494730220168995 -0.020871306664490972
-436.0 0.04940390772156965 0.057222504529589754
-435.0 0.04142285519363213 0.11273340461600447
-434.0 0.07589753072964235 0.02796331170755435
-433.0 0.18581005457283328 0.05705422238788439
-432.0 0.21036131286065668 0.09007457812401688
-431.0 0.13100680287382424 -0.0681608279076871
-430.0 0.1874957747892404 0.009371464899618787
-429.0 0.09674209525952905 0.10644389946232545
-428.0 0.19220746441861106 0.14474464170056145
-427.0 0.2600242640066703 0.24962699183005008
-426.0 0.09647377619368923 0.019854162455280284
-425.0 0.17561270828372652 0.06257654416644937
-424.0 0.032005037059877894 0.13910210417093466
-423.0 0.06617926536084125 0.11508765443916184
-422.0 0.24770847934142062 0.27663755284245123
-421.0 0.1272115568573049 0.19042179621151295
-420.0 0.003665939611142676 0.085609975294175
-419.0 -0.016995456316026662 0.027530568073608264
-418.0 0.002725978452210268 0.1316883663148502
-417.0 -0.02087035411863039 0.1939418940775734
-416.0 -0.14009300802936342 0.035330223764129885
-415.0 0.09790438138375612 0.08380858228841088
-414.0 0.01624847238535145 0.059015531953942185
-413.0 -0.1561256972597168 -0.05411106009000798
-412.0 -0.20976715608803345 -0.13519162196434933
-411.0 -0.1393396405055668 -0.1724161665656721
-410.0 -0.01395760815981339 -0.24096963617826123
-409.0 0.03057253356861627 -0.2114652900377405
-408.0 -0.011095482891421184 -0.13273758617138967
-407.0 -0.07540759020991543 -0.03207337930907975
-406.0 -0.15498943502661577 -0.04949600351694987
-405.0 -0.11195416065940662 -0.12198254812395908
-404.0 -0.1844471058962648 0.03727363244461585
-403.0 -0.2546952340954233 -0.05302825415448763
-402.0 -0.23468948162282616 -0.1386614694098537
-401.0 -0.23663852704197777 -0.24476724234506814
-400.0 -0.35600469039069865 -0.2256328530525848
-399.0 -0.4466784509774021 -0.19963572112128028
-398.0 -0.3510811034045545 -0.18774731109044523
-397.0 -0.3226132927934708 -0.03721400038670993
-396.0 -0.2926493315214305 -0.19386985381245636
-395.0 -0.1790927687533622 -0.08338362532665497
-394.0 -0.11552834069538077 -0.0923463781913277
-393.0 -0.12601163684650224 -0.03604393318946252
-392.0 -0.0874828375360304 0.027618379202345323
-391.0 -0.038323976833788034 0.18692348500537315
-390.0 0.041855086693794875 0.28563278898511774
-389.0 0.09196353601279404 0.27185125005369765
-388.0 0.2361091010491988 0.2648993328527895
-387.0 0.3248760854164938 0.33825663546309803
-386.0 0.2012244511603129 0.29320606550141254
-385.0 0.15654349441421073 0.35151264257664433
-384.0 0.09111003509207365 0.4424733319311402
-383.0 0.18075131185637303 0.355059187970095
-382.0 0.3003440152854237 0.2598564425903254
-381.0 0.24957203003867653 0.18138137393398213
-380.0 0.18802771935355123 0.23205520247440428
-379.0 0.11299900672269726 0.16669121414048135
-378.0 0.22337429427770994 0.17876023782974787
-377.0 0.3213510978037187 0.26308497625734883
-376.0 0.2125022573138107 0.16825106942434773
-375.0 0.16008852847219532 0.18623851766160215
-374.0 0.1637992766438037 0.22804241027931532
-373.0 0.3248546149104296 0.20739938425073604
-372.0 0.4417868747005454 0.22727681559885363
-371.0 0.436423639874048 0.1814764356884466
-370.0 0.47872341852538375 0.17718787409038622
-369.0 0.23863940390530483 0.01611210010969075
-368.0 0.11967054576899255 0.0032020413588032797
-367.0 0.1654341390893431 0.08928930773749591
-366.0 0.29774079585985014 -0.0018126361984817645
-365.0 0.30120965716745557 -0.0034132506264782023
-364.0 0.09474842229782808 -0.09361282567608298
-363.0 -0.11021989373001422 -0.18647098578769372
-362.0 -0.1418632074096139 -0.1569856763332676
-361.0 -0.14925937226278035 -0.10553277226577643
-360.0 0.042253366296172316 -0.11224487439645463
-359.0 0.0819275058052022 -0.15250265758701717
-358.0 -0.08590617174237994 -0.20510920581037667
-357.0 -0.09513752211133977 -0.2845217796175913
-356.0 -0.11119548944555128 -0.2648320246387678
-355.0 -0.1642973682437514 -0.10776659292090926
-354.0 -0.11015076807132711 -0.12887378439154143
-353.0 -0.11744777004079814 -0.17755808046996277
-352.0 -0.04531670397617418 -0.05071991959007006
-351.0 -0.12073808883957274 -0.17382947917967118
-350.0 -0.12216189051810215 -0.12502537236648503
-349.0 0.0024650365845227335 -0.032584121654083836
-348.0 0.13780020642451551 0.006539428545685903
-347.0 0.05429447628100026 0.041297020975092795
-346.0 -0.1164479832217927 0.045189699263521364
-345.0 -0.09436353762521321 0.10271447547035632
-344.0 -0.051584251661116985 0.15366773138540432
-343.0 0.07824994071950064 0.070138085330167
-342.0 0.08199142026527405 0.0043215833834604
-341.0 -0.03980546762567391 0.025227726471907155
-340.0 -0.14685086208664141 0.15032508960356927
-339.0 -0.22988525088728792 0.1857359905235002
-338.0 -0.03892070431330501 0.29191005979318274
-337.0 -0.041151454438823544 0.4432294727827539
-336.0 -0.08888049338387356 0.3032205913823914
-335.0 -0.09319970576870401 0.2740698743135667
-334.0 -0.16714857508498956 0.2423751970268727
-333.0 0.026334055900333653 0.17337860535273794
-332.0 0.0696951588829441 0.2940530529682697
-331.0 0.1259662646435535 0.31880333264864746
-330.0 0.19277330676791463 0.286779513500363
-329.0 -0.034924666004577005 0.14381996522936383
-328.0 -0.15970836472308883 0.11028741925852938
-327.0 -0.027981715801883588 0.18317626580279311
-326.0 0.056006573624086696 0.2333840781580365
-325.0 0.13174015729125677 0.3153720342137326
-324.0 0.10741120021202806 0.0733512364661786
-323.0 -0.18918354784221297 -0.08627397717249706
-322.0 -0.16015320271458056 -0.041223435600398955
-321.0 -0.13744943296636472 0.03571040138661037
-320.0 -0.024353774240946223 0.14494142442027214
-319.0 0.011739921299634516 0.08648547172849065
-318.0 -0.08729713563632831 0.01136519792170717
-317.0 -0.07047761402070896 -0.05223574841296661
-316.0 -0.12860028834936238 -0.014498787279339823
-315.0 -0.01967615523242421 0.07473664433069052
-314.0 0.2026089587556243 0.2917571067050915
-313.0 0.32345336408379216 0.41856949964521317
-312.0 0.4265951450813779 0.36451697415958656
-311.0 0.31297945569786095 0.18056204617967
-310.0 0.3905295141959723 0.13057976309008654
-309.0 0.5195705854366164 0.28287042804516943
-308.0 0.628250309143516 0.21978235138760638
-307.0 0.7184330441305464 0.266510865825106
-306.0 0.6059123747377879 0.09233645654113488
-305.0 0.5834844422544048 0.06432557712972038
-304.0 0.5732966581239004 0.08220060098094975
-303.0 0.6292835547818674 0.2163290493217645
-302.0 0.655153678371243 0.40765292010427223
-301.0 0.5382576134598104 0.3128953799567765
-300.0 0.46120545883065645 0.20929254815689047
-299.0 0.5688261959247979 0.2671121204763648
-298.0 0.5985711370612187 0.44692012809453263
-297.0 0.6425389260845067 0.5914203164051576
-296.0 0.6238610925896544 0.6485577784807887
-295.0 0.5592381103221488 0.6651953932574193
-294.0 0.47252615890327593 0.5703349575356988
-293.0 0.5504080577982347 0.4844227349979219
-292.0 0.7199547292325347 0.6455597101240652
-291.0 0.6910039127593669 0.7855732769262915
-290.0 0.7141605193160285 0.7143776005120831
-289.0 0.5610391616740062 0.6457831273702846
-288.0 0.30940466460331667 0.5117859089594047
-287.0 0.3493195007951626 0.5964578309545181
-286.0 0.346326409953971 0.7148077162556283
-285.0 0.44063904652493513 0.7412124883062147
-284.0 0.32261644583041077 0.6584855298580079
-283.0 0.1393888587049951 0.521666798870999
-282.0 0.07366572591020813 0.5613143835948373
-281.0 -0.0022586074326376585 0.6739385134167383
-280.0 0.023819558753712045 0.6603010189597494
-279.0 0.07366220272363153 0.6708025315724891
-278.0 0.12306450599900433 0.642798863675777
-277.0 0.19608899506290772 0.635397705138375
-276.0 0.03612725067235735 0.6179921116040552
-275.0 0.10921533210883354 0.6063045425541581
-274.0 0.15288370391725215 0.7189270398654855
-273.0 0.19938186807193456 0.6114771453757593
-272.0 0.32462596016348527 0.6655820255214523
-271.0 0.393024928423109 0.7051774903755632
-270.0 0.39312536111682855 0.72018539756175
-269.0 0.4952847571071687 0.790622204638831
-268.0 0.6477836497023042 0.8829771368517368
-267.0 0.7374636725053653 0.8064349291447145
-266.0 0.5898503095340601 0.7514767630231273
-265.0 0.6143599141713858 0.8200407562428386
-264.0 0.7206189069429869 0.8493325631017385
-263.0 0.725579449832944 0.8801745763124378
-262.0 0.8096111988365342 1.0007579210676025
-261.0 0.9365087132576598 1.0053616953910733
-260.0 1.1361489105847942 0.955886351583636
-259.0 1.0663919063849132 0.8768387895010983
-258.0 0.9509091020074487 0.9509716742683958
-257.0 1.1021189888211889 1.0149938362748478
-256.0 1.1677167021001775 1.0562438869031903
-255.0 1.2275228484226608 1.1327292907628521
-254.0 1.1809923369944846 1.0846171441922434
-253.0 1.0490748787236273 0.9818973941962693
-252.0 1.0137049982991702 1.0419050758859383
-251.0 0.96160079003793 1.235611152643448
-250.0 1.0418247771003444 1.3523726236092275
-249.0 1.1568174656110792 1.1671985773255127
-248.0 1.0757379579005222 1.1517299055790926
-247.0 0.9651261134704971 1.1445051769769174
-246.0 0.8332254480797606 1.0589951244737608
-245.0 0.9864990093160232 1.0635934784910874
-244.0 1.0858896224062349 1.0106759107443788
-243.0 1.0724249014747373 0.9254956478750784
-242.0 1.1560680581734206 0.9112558878356939
-241.0 1.0235729036728016 0.8553402219706628
-240.0 1.0194351964276211 1.0104360366072156
-239.0 1.0110905201280709 1.0771648732863943
-238.0 0.8753075967289312 1.2359878299811455
-237.0 1.0064772528618844 1.2996425802995961
-236.0 0.8434828891573922 1.0775686541287697
-235.0 0.742519134621798 0.9631583032681605
-234.0 0.7589082620310239 0.8759016482266079
-233.0 0.8207603884902004 0.8175147541057313
-232.0 0.8452632936343836 0.9271725713396731
-231.0 0.6832493034504857 0.921709258672257
-230.0 0.8031847110550079 0.7225811964051914
-229.0 0.8049102436842845 0.6666160327325696
-228.0 0.7785461430312636 0.6916431069159887
-227.0 0.7399602815831002 0.7694623799607038
-226.0 0.7190985267294037 0.920085378032504
-225.0 0.7825317066788193 0.9748241916421334
-224.0 0.8690596088062207 0.835228773879883
-223.0 0.9307855914287249 0.7950347975053013
-222.0 1.0188314546744792 0.8818768575016586
-221.0 0.9265975731828989 0.9223465543907422
-220.0 0.9661289334086105 0.9376020161886931
-219.0 0.8428526276208212 0.7645048839621199
-218.0 0.7537406625037127 0.909087257565361
-217.0 0.6829048582854435 1.093699396147328
-216.0 0.6947433389076128 1.157384957219829
-215.0 0.9284729517121086 1.2358226104633883
-214.0 0.9258024573672671 1.2582392442845802
-213.0 0.9178907164286232 1.1617356339729856
-212.0 0.9598090251360426 1.2550808319073465
-211.0 0.9080170111649244 1.2454247739603623
-210.0 0.991399901061457 1.18053998515766
-209.0 0.888982691879045 1.0804901141778465
-208.0 0.7403961682964276 0.8152258225955076
-207.0 0.8288971911250771 0.8314412578595389
-206.0 0.7813080830421285 0.9960157302522283
-205.0 0.8087485142305013 1.0235880824730499
-204.0 0.8924160141097841 1.0994523550150166
-203.0 0.7414939917779331 1.0983562096439083
-202.0 0.5735509376391754 1.215135183720575
-201.0 0.5170150776354989 1.1645823129947706
-200.0 0.5658043220170584 1.1745909795816638
-199.0 0.7259349510930347 1.2189327709626814
-198.0 0.676148455291322 1.278174218188664
-197.0 0.4806789044212014 1.3098761844227036
-196.0 0.3929470934768889 1.2089908932320659
-195.0 0.5787000093870083 1.1818159665215293
-194.0 0.6352222235243111 1.1050752313221106
-193.0 0.6418931122745775 0.9723547507556392
-192.0 0.6132414467014418 0.7714146611815793
-191.0 0.5717774285676521 0.7436836891454055
-190.0 0.4986282904026084 0.6818295265692227
-189.0 0.5809548571763602 0.5894033509038216
-188.0 0.8155199136154365 0.6772045988615075
-187.0 0.8524599940641471 0.7367737746357865
-186.0 0.714398357868198 0.8000488560411831
-185.0 0.7401748521695772 0.8487437661027011
-184.0 0.774548500466241 0.7396187307958201
-183.0 0.761522864042873 0.6578525847248908
-182.0 0.7785732378576459 0.6401657175626958
-181.0 0.63666337872687 0.5501637926865891
-180.0 0.6094896498120724 0.6148412768096837
-179.0 0.6026933901907107 0.6468541937718283
-178.0 0.637130679081594 0.7080183660275715
-177.0 0.7568109274670237 0.7705340973203416
-176.0 0.6027361657655605 0.6192339906527722
-175.0 0.5508617937937598 0.5250327358866285
-174.0 0.5187194383576085 0.46863797423231307
-173.0 0.4963136806665965 0.3489769400933118
-172.0 0.5100722619651977 0.45755752251934034
-171.0 0.4941022182954109 0.3810051197060732
-170.0 0.618232035778281 0.3891027726189873
-169.0 0.5997370625782218 0.28953573738583893
-168.0 0.46687687817516693 0.32212779887508375
-167.0 0.4978776008637666 0.5685246154972817
-166.0 0.2875389019594398 0.7827757828690297
-165.0 0.3851053861611217 1.0115521510539633
-164.0 0.5667609500017 1.1263470713567731
-163.0 0.7294367768771871 1.1833280673724362
-162.0 0.8438527994442541 1.3765912885873215
-161.0 0.7978091329191974 1.1369832079226216
-160.0 0.8833986065988356 1.042097861493757
-159.0 0.787719348940416 0.7871575571557562
-158.0 0.5451712184288288 0.6592491801051313
-157.0 0.3889444212390739 0.7963422187082059
-156.0 0.2631631479585238 0.8387723605030317
-155.0 0.2753264074941035 1.0648960446400102
-154.0 0.3685751569271949 1.318964851028025
-153.0 0.520072572663559 1.4009586444625977
-152.0 0.6054464244018759 1.488783576864644
-151.0 0.7936996880445727 1.4060665191112842
-150.0 1.0018466913856319 1.5909373427739133
-149.0 1.822644764672882 2.1080014261178386
-148.0 3.424337622947143 3.585245987387879
-147.0 6.016224949028505 6.559966995691709
-146.0 9.90039291226024 11.235063215103656
-145.0 15.314078544829544 17.333328705897085
-144.0 22.21810682110035 24.989039160675862
-143.0 30.363246960117888 34.4504811082493
-142.0 40.29508035455474 45.489537715879656
-141.0 51.62885140816584 58.099298742884926
-140.0 64.22300897340523 72.28125958337563
-139.0 78.08528061616855 87.35708630596879
-138.0 92.61651936282269 102.64927578481745
-137.0 104.87835865803169 116.47713806721055
-136.0 114.11130104352831 128.71592174164104
-135.0 121.53010577512782 139.39035900657316
-134.0 126.99749487838484 146.3089173434446
-133.0 129.62809275969133 148.91287493098585
-132.0 130.4660517953948 149.35712991329072
-131.0 130.06647437438676 148.7951996787086
-130.0 129.24241618711642 147.6059319756812
-129.0 128.10449737809444 145.92218589501266
-128.0 127.2585941387337 143.84231597377146
-127.0 127.04267330845363 143.4083830915603
-126.0 127.44638537287882 143.96242522705515
-125.0 128.4470304464754 145.43266578909208
-124.0 129.6842065533807 147.57920427797393
-123.0 131.80533933067835 149.1962914396311
-122.0 134.5123885222534 151.77547591974783
-121.0 137.87993454323833 155.33202521748055
-120.0 141.6042654828457 159.5495486378184
-119.0 145.7050062017672 164.07342004342257
-118.0 150.01873626268682 168.3323139844335
-117.0 153.6585481091387 173.44289394354342
-116.0 156.61499635512772 177.45549480382985
-115.0 159.51251495301102 179.9520855627727
-114.0 161.18013876126238 180.18598110682717
-113.0 161.45467773208506 180.11337698332525
-112.0 161.57403888176324 181.00075371835484
-111.0 161.8968113314788 182.78820711902262
-110.0 161.25618593715797 184.0593686982214
-109.0 160.25198561411517 182.898062912441
-108.0 160.1038031125356 181.07312563800605
-107.0 160.1872438918084 180.13080670642105
-106.0 159.53029036532809 180.54949117384373
-105.0 159.29944143247673 180.35431913955685
-104.0 160.02511562622811 181.2060954988376
-103.0 161.5578939329147 182.74818219265902
-102.0 162.53710701399467 183.81152807772634
-101.0 163.80800394203519 183.95462001780035
-100.0 165.78253916045853 185.25024076361638
-99.0 168.03944412922903 187.08074127285383
-98.0 169.96619424975407 190.77578061211514
-97.0 171.41609544796952 194.4477394979211
-96.0 173.8279342034308 198.2081212270281
-95.0 177.9777193264164 203.17390467011677
-94.0 184.14328907898872 209.87907104839095
-93.0 192.13811718868158 217.68236323442258
-92.0 201.88757281542846 229.03208571188867
-91.0 213.06497776509627 242.768674727026
-90.0 224.9970188426608 257.62996975946436
-89.0 238.06674284354412 272.85113821395737
-88.0 252.70717914437452 289.63255083380875
-87.0 268.1671794904936 307.6693187147738
-86.0 284.10750597618966 325.2315210170152
-85.0 298.82109651585586 341.1166815800571
-84.0 310.77107495756616 355.30045700272365
-83.0 320.81131758906275 368.80491798641344
-82.0 330.0790045551137 380.5476965831639
-81.0 337.9220546274117 389.2712771341798
-80.0 344.5949931667216 395.9172021191431
-79.0 350.4817751043686 402.5714070456164
-78.0 356.3590421860359 408.0916995480429
-77.0 361.1088625660522 413.6099341128671
-76.0 365.3314222050463 418.417875399117
-75.0 370.1725557786274 422.67385345702536
-74.0 375.4809688766649 427.52003108294724
-73.0 379.4568276911146 431.2561659201337
-72.0 380.7631235603404 432.4125280279872
-71.0 380.3876402868019 432.6755675514899
-70.0 380.44403183328524 432.87213654789844
-69.0 380.661061069037 431.6081390747664
-68.0 380.6710574654921 430.75789058126134
-67.0 379.06653869155656 430.0497538166354
-66.0 377.0071323213761 428.4159195531033
-65.0 373.9992306124115 425.5905185671174
-64.0 372.04943543031834 423.6192106903993
-63.0 370.34699943448095 421.39242241587954
-62.0 368.29453914463977 417.5743612238302
-61.0 365.2322452092458 411.60728655731094
-60.0 362.80890865215713 407.25897950779654
-59.0 359.9187061077094 404.0541103153692
-58.0 356.7661472497019 401.4232212146566
-57.0 353.93747577232494 399.32928168616183
-56.0 351.5907605043633 398.4149324510906
-55.0 350.19422842134907 396.8808182771611
-54.0 349.2110225306943 396.87019920871296
-53.0 350.3905320801489 397.733143182509
-52.0 353.37476673644653 400.2346581644435
-51.0 356.11962221374176 403.3079998630255
-50.0 359.6657973864971 408.2660997890419
-49.0 363.38022899722944 414.04394117120256
-48.0 368.9613913648375 420.896638684691
-47.0 376.38145464384445 429.7433520086755
-46.0 385.2266014639651 440.46035059207026
-45.0 395.99928460872655 453.69365307744215
-44.0 409.34530808348035 468.85120363567034
-43.0 424.7528784856649 486.12590223417004
-42.0 440.68184304176714 505.0779210309608
-41.0 458.8366484757074 528.7372512086774
-40.0 481.4531373713731 556.9054226208341
-39.0 507.5913222291132 587.5920383982361
-38.0 536.9308928209773 620.142692235579
-37.0 571.4497701351164 657.5931142251412
-36.0 608.9200238611261 700.0935464295285
-35.0 647.469666518406 745.5536982958052
-34.0 686.2914422026226 793.1674790632137
-33.0 728.0960866763317 841.5363269774629
-32.0 772.210437357754 891.0158010375327
-31.0 817.3007347643413 941.9788683255797
-30.0 861.2938096482143 993.8145397847983
-29.0 905.7622541457399 1045.8119753583276
-28.0 952.2022356156995 1102.9939453587594
-27.0 1000.3981333312363 1160.5817387790194
-26.0 1048.9325305942768 1216.328593277023
-25.0 1097.9809084568444 1274.542088597122
-24.0 1150.1557651117198 1339.3129345147772
-23.0 1206.4661981311965 1404.7331052521063
-22.0 1267.7027518739046 1471.3631151009643
-21.0 1334.4562873851355 1542.9650055038398
-20.0 1404.5648141209765 1623.9806140673302
-19.0 1474.8338827789717 1710.811133717995
-18.0 1544.9018164006457 1799.680256511297
-17.0 1619.077828591086 1889.0428143259853
-16.0 1694.5422806492645 1978.308475462884
-15.0 1770.128134198624 2068.3023889214755
-14.0 1842.0101236938795 2157.418171245194
-13.0 1911.109003110832 2240.780394565239
-12.0 1977.227173698364 2317.2285213597634
-11.0 2038.815189795425 2387.617099122877
-10.0 2095.082158459333 2451.403448972454
-9.0 2141.972184263902 2503.495823970352
-8.0 2178.3362137285553 2546.852885571134
-7.0 2207.795556374313 2581.8939105595864
-6.0 2233.3145906487434 2605.4049602105283
-5.0 2249.5769859928155 2618.3342943108137
-4.0 2256.951794295186 2620.953737257378
-3.0 2255.9435876759753 2617.0609443551307
-2.0 2247.312316708269 2606.633767763801
-1.0 2232.8171838157655 2586.716498442215
0.0 2214.9979752498125 2555.9600513616915
1.0 2189.0772220710373 2520.0419971994597
2.0 2155.7582848116213 2478.3497950968485
3.0 2116.372527150175 2429.3365970118907
4.0 2071.5831575019142 2370.1977559523557
5.0 2020.3559138641106 2307.3619647078067
6.0 1963.0726793530982 2237.843238020023
7.0 1903.910644261191 2165.879952508285
8.0 1843.3404344246742 2090.4561587529333
9.0 1782.8126254071406 2018.18290756006
10.0 1722.0559589090885 1943.607674403004
11.0 1660.0832230026463 1864.992877647936
12.0 1595.1847765783195 1785.7282910724632
13.0 1531.4826453837509 1709.9776653314623
14.0 1471.5505368381828 1636.643236538975
15.0 1416.0731939530408 1567.4923948283476
16.0 1364.8350320870738 1503.2905313614287
17.0 1316.744969698117 1443.3897598606393
18.0 1273.0744492925255 1389.4148418189413
19.0 1230.9211005412699 1340.3285337992722
20.0 1191.0955651149457 1293.4720047647406
21.0 1153.5123110895013 1247.732479143772
22.0 1118.4313259636465 1205.6605763724804
23.0 1086.5712865616897 1166.6082776558687
24.0 1056.7324007460932 1128.6633331805194
25.0 1026.5486201994872 1093.5087047310133
26.0 996.5220043463908 1063.1805936006829
27.0 969.1132866758096 1034.2756304650904
28.0 944.6990680712472 1004.6336042591212
29.0 921.9797275704672 975.3062405851199
30.0 900.4375720892267 949.0610313314562
31.0 879.7675226060912 924.0276609569511
32.0 860.4661797199351 902.2716439905194
33.0 842.9230648943488 881.759163556284
34.0 826.1250515748404 862.761167729686
35.0 810.8763563367023 844.8449082285496
36.0 798.0229062571194 830.40207756563
37.0 786.4448014427104 817.0529866223123
38.0 775.3615069691706 802.7041368082923
39.0 764.824717648889 788.3227151530928
40.0 754.7499557347811 774.9950835494861
41.0 745.5758851237671 763.9007995661567
42.0 738.1259937908985 752.7248952208108
43.0 731.1357315315611 741.8808086865688
44.0 724.6135012277741 731.6854215409634
45.0 718.3649264383716 722.7292998347111
46.0 713.1853232331594 714.7177277184991
47.0 708.7613012392848 707.4429819576866
48.0 705.1467283915161 700.1615205130919
49.0 701.7399516835384 693.8594917204854
50.0 697.7642513894893 690.5439034960688
51.0 695.7704147644254 687.744592179769
52.0 694.9286294985437 685.2990577947261
53.0 696.2108358977706 683.5143472603261
54.0 698.8154922145167 683.4421463411577
55.0 701.479416023138 683.9556547584575
56.0 703.8951981002119 683.5934187212287
57.0 704.1682720476854 683.105652100551
58.0 702.8046711258689 681.1055928494761
59.0 698.2309152527195 674.8746848047718
60.0 688.4633653283112 664.9653932992496
61.0 672.8841244485069 651.4767611676178
62.0 652.3165769961547 634.533282472934
63.0 628.4953971818719 613.7960441220379
64.0 601.3594423162165 589.4350146648252
65.0 571.3165432059295 559.9905111242712
66.0 538.4274169366439 525.8469886050996
67.0 502.27493997161986 490.6905926613288
68.0 464.75674996481627 454.89000752442655
69.0 427.67541135339155 419.587676128043
70.0 393.12539411564444 385.6094735969503
71.0 360.6147665995202 354.9404887179119
72.0 331.11423734445026 327.61863924553114
73.0 304.8013043351078 303.5915287847613
74.0 281.6953111097794 281.99348711346977
75.0 261.26614463561515 263.0655065734525
76.0 244.44389171173032 246.20573872226927
77.0 229.57401827377313 233.0162554077219
78.0 216.73887489663798 221.66899628238014
79.0 205.772311225778 211.62475037525508
80.0 196.50026663620508 203.41997477128763
81.0 188.34633738445547 196.60648863272908
82.0 180.90415523857854 189.9441883357921
83.0 174.55797522885743 183.63264581117116
84.0 169.08186205437912 177.5096114493788
85.0 163.71914006885365 171.9980864620271
86.0 158.5208389596678 167.0115414623084
87.0 153.67334460818284 163.22153868457164
88.0 149.2552760009736 159.30369410160688
89.0 145.64443271269872 155.33260267880124
90.0 142.44075489172485 151.54614021967242
91.0 139.4865732158716 147.9752905232412
92.0 136.27973370343355 144.8162999224887
93.0 132.97990059533203 142.69215557266543
94.0 129.72064356321957 140.04205253419227
95.0 126.45069706990922 137.33098911272378
96.0 123.51868445118188 134.5124472040555
97.0 121.3406205806996 131.50412563812165
98.0 119.27621453176874 128.84674290937204
99.0 117.06742604459998 126.34689792652675
100.0 114.52691594512554 124.15995737954869
101.0 112.2905568296852 121.41581633241407
102.0 110.48924066157151 118.70295625014481
103.0 109.12470540233757 116.31338209916476
104.0 106.9712221987479 114.2138430972758
105.0 104.90686947944495 112.02084275850507
106.0 103.02392080217507 109.87782895644925
107.0 101.16077169075801 108.14333976053558
108.0 99.49227366422063 106.10735123071709
109.0 97.94350359270109 103.72996986611624
110.0 96.47832308985241 101.78987955877247
111.0 94.79547370239365 99.68996346619628
112.0 93.39161665676272 97.23018166760421
113.0 91.40508686469974 94.73215405167772
114.0 89.25565353285506 92.30725762024043
115.0 87.26058871087112 89.67316626243658
116.0 85.33320473785082 87.03789927810453
117.0 83.26084714475374 84.27500816395225
118.0 80.82446832875746 81.78848230663723
119.0 77.89941521898474 79.55240108456015
120.0 75.16447002431904 77.39758693124216
121.0 72.37860572247574 75.20270929395507
122.0 69.93338378759617 73.0876988583772
123.0 67.96457059011621 70.55113724646657
124.0 66.12231026582363 67.54572950594118
125.0 63.58886794010272 65.0087297852578
126.0 61.121449413311595 62.53930646071095
127.0 59.21830240652998 60.05456199566833
128.0 57.59113611524221 57.7069645784573
129.0 55.69222060649831 55.705298879990885
130.0 53.87847159520274 53.64811382306205
131.0 51.83520640218417 51.33537302158418
132.0 50.08538909109261 49.197331982067695
133.0 48.35625070608363 47.24460704316419
134.0 46.96222641533905 45.98674898275401
135.0 45.454755035933175 44.61491851166277
136.0 44.652914546245526 43.433415392807525
137.0 43.870670578195295 42.147596877210304
138.0 43.47235778044818 41.057953683319504
139.0 42.469561787671324 40.20296805175442
140.0 41.55369198328666 39.31707755673465
141.0 40.48078701926055 38.33213517015098
142.0 39.80446592086603 38.08844561704707
143.0 39.832174344691786 38.419489822947945
144.0 39.63636361244742 38.41265511497271
145.0 39.459952718724736 37.9709500643014
146.0 39.30136880135142 37.476407983808585
147.0 38.869694874396906 37.81069962408319
148.0 37.99484250038718 37.807947753578226
149.0 37.10042932837009 37.38327389388949
150.0 36.335620329323234 37.48890239971203
151.0 36.04434325744019 37.93038636257148
152.0 35.93884448981056 38.338591186448014
153.0 36.484476081526495 38.562941649047126
154.0 36.334400304427874 38.51614842086516
155.0 36.14801671898607 38.177360479730886
156.0 35.96006125794767 37.41271065872088
157.0 35.750633268072484 37.34348712802414
158.0 35.36701002805848 37.46359943386688
159.0 35.250529496501116 37.607278499388066
160.0 35.38534862926027 37.744660718876936
161.0 35.7087869034498 38.138393613879686
162.0 35.42262931703353 38.01598789887766
163.0 35.094470721181644 37.905350069815505
164.0 34.9146672930895 37.46530986346819
165.0 35.11338007380366 37.128655069624884
166.0 34.883050048805615 36.85622981965755
167.0 34.8585246235514 36.580071940991495
168.0 35.19813989725105 36.78650898484805
169.0 35.19083491355374 37.01887198398269
170.0 35.03081153968065 37.565062377814286
171.0 34.562690458851016 37.91669542794649
172.0 34.29677581713752 38.25869672984564
173.0 34.12195437764539 37.79135615321856
174.0 34.224657498459095 37.10611050589262
175.0 34.33752446341694 36.72203967887081
176.0 33.894032465101986 36.46058810041417
177.0 33.46182277071689 36.17446000856446
178.0 33.337264994398026 35.834438253157934
179.0 33.29990892791901 35.62142343592686
180.0 33.24831031731516 35.7359909321386
181.0 33.042919783478105 35.68987739966342
182.0 32.97739832838419 35.73870224758084
183.0 33.289785576742545 35.32746372204253
184.0 33.55712056518044 34.50110872737671
185.0 33.799174385787204 34.22464458602429
186.0 33.67060789694958 34.17800205092362
187.0 33.282233471471265 34.19495214902591
188.0 32.60539427353764 33.86349965983967
189.0 32.20659896427569 33.00167192252749
190.0 32.117627369987744 31.823921942690443
191.0 31.786454755717983 31.31348548027039
192.0 31.552996385747203 31.283051990686214
193.0 31.296515671661822 31.366476940954318
194.0 30.990976482146014 31.384673557277445
195.0 30.842542759923116 31.68552731772832
196.0 30.653385520051863 31.294901445938823
197.0 30.90338174149583 30.920726380011455
198.0 31.164343040373012 30.68617949332481
199.0 30.983016319913716 30.467710541691847
200.0 30.888641337472826 30.675718291657333
201.0 30.72457665781215 31.26144000809774
202.0 31.158591978877446 31.78347678703688
203.0 31.77382798045667 31.84712119530502
204.0 32.2181772550462 31.49244329115691
205.0 32.68728532236691 31.449082600763326
206.0 32.82671058484079 31.748386151206887
207.0 32.879627547568944 32.03178737620451
208.0 32.989402780208636 32.41799166947159
209.0 32.82159507404384 32.49655974728831
210.0 32.6298167924289 32.22262762964434
211.0 32.52719645437357 31.6365490612642
212.0 32.799776201617945 31.353418841078145
213.0 32.93281027347034 31.39418000778689
214.0 32.28055632973712 31.439454766580678
215.0 31.775379622228353 31.359085396365753
216.0 31.820142493158404 31.271040894562706
217.0 31.633625822289453 30.950756342400343
218.0 31.263764308798 30.872979103747426
219.0 30.88751121286039 30.43480366761093
220.0 30.680424136803133 29.933306908319526
221.0 30.307060303946866 29.214300977729994
222.0 30.23605107431439 28.70044382371969
223.0 30.08756666579028 28.44923568998097
224.0 30.12738658796651 28.178331838222324
225.0 30.150592723320678 28.015358688908837
226.0 29.997598173097245 28.047475979700003
227.0 29.643711587525367 27.923761372841508
228.0 29.365779984127066 27.558771863698027
229.0 29.15888689396419 27.043403377799656
230.0 28.84365391046667 26.917257813732792
231.0 28.460000220526037 26.850034282998926
232.0 28.372321769876745 26.758376030176333
233.0 28.07789908017922 26.356116295178985
234.0 27.7177962429871 26.06187151998529
235.0 27.625024393960043 26.164894761491627
236.0 27.17760368964996 26.134197543056228
237.0 26.64768482798952 25.89126516694156
238.0 26.40998568063891 25.4431381324484
239.0 26.200147435061798 25.032181172166418
240.0 25.85613998731368 24.586993742972332
241.0 25.120939493262675 23.956942326204054
242.0 24.51464021062322 23.336112497859947
243.0 24.148075779640063 22.979251067972918
244.0 23.934537946697642 22.893003265547346
245.0 23.95360822820303 22.882866945954508
246.0 23.962709877029816 22.587196694927563
247.0 23.83671326677376 22.18664427012451
248.0 23.82424751625541 21.937302777287666
249.0 23.728554716109254 21.720677594806503
250.0 23.567863910649034 21.308328253302523
251.0 23.340694114293484 20.555867147724232
252.0 23.36635533547988 19.815828362882215
253.0 23.483333304830662 19.357608199718385
254.0 23.41755767821749 18.982256640621937
255.0 23.192722263349427 18.743644713249374
256.0 22.36474516214399 18.980193362569366
257.0 21.480981608817952 19.4755110140932
258.0 20.71494272721787 19.68936448340606
259.0 20.11351640528371 19.300819017414337
260.0 19.548310615431127 18.789363044251736
261.0 19.160694212638536 18.263434002160935
262.0 19.02596033398788 18.360491692088566
263.0 19.032971481188973 18.495364753741615
264.0 19.010223705669624 18.195074248865748
265.0 19.149617170002095 18.149303110403494
266.0 19.043892010552558 18.05752670535658
267.0 18.701527298280023 17.7829415481226
268.0 18.538512060802386 17.667623791833826
269.0 18.574884407973375 17.773582882028876
270.0 18.544905876877007 17.863747862976645
271.0 18.313355580260318 17.553771456540527
272.0 18.312900428240653 17.23063130503803
273.0 18.397508920716405 17.17193416283851
274.0 18.310225111436196 17.113411473681463
275.0 18.338667411437278 16.979014695723944
276.0 18.535260035931646 16.81997535490949
277.0 18.450390333687448 16.717010767550974
278.0 18.243290406094467 16.2943906408253
279.0 18.274147169723765 15.805181974896573
280.0 18.183381195215933 16.125177139641536
281.0 17.850898778401707 16.629559232405672
282.0 17.365254322330596 16.940523483832248
283.0 16.886787702868954 16.98461598014062
284.0 16.692966303840176 17.123509787221078
285.0 16.657912665283668 16.870266137028835
286.0 16.748779424027347 16.419284109395793
287.0 17.06017298869532 16.10321337652767
288.0 17.142910281752073 15.955664005946526
289.0 17.15960805542656 15.783846779619514
290.0 17.248546472387343 15.726702906952964
291.0 17.147879454536962 15.987397296561527
292.0 17.087863705318174 16.42417720046368
293.0 16.974449883391905 16.91133094515796
294.0 16.6026926537217 16.83850726597435
295.0 16.288543120046647 16.94990064553066
296.0 16.064563070606454 17.392324985982214
297.0 16.044446372273644 17.498213836379513
298.0 16.18103007822978 17.353291793804722
299.0 16.496039474426397 17.43872300353508
300.0 16.57652481944732 17.179755364712964
301.0 16.566713056484605 16.327902791862062
302.0 16.58582472912056 15.839168227304443
303.0 16.592280235511993 15.939596873513745
304.0 16.494374094113386 15.882801543357674
305.0 16.449291976531192 15.691549368729923
306.0 16.165270846360105 15.33678313032379
307.0 16.07162254312913 15.397936710166737
308.0 16.02009340105967 15.879318213110176
309.0 15.675128565398825 15.96766726660722
310.0 15.597694834217553 15.79983558436963
311.0 15.456775668518482 15.687966859968013
312.0 15.335955905667054 15.536714136546856
313.0 15.210832800038379 15.289245304283748
314.0 15.216231066633148 15.061419895563473
315.0 15.450909737104555 14.938008742247359
316.0 15.47567836930331 14.905289061210116
317.0 15.346434849906755 14.92266884384183
318.0 15.056123353177167 15.057994920231076
319.0 14.980691490060096 15.331630664008548
320.0 15.40593709294152 15.383023444132414
321.0 15.684387515553771 15.244003023078601
322.0 15.583618113162116 15.161838050636732
323.0 15.238618648982284 15.103840469987878
324.0 15.041367335197167 14.633931333454953
325.0 15.27887229627444 14.543764565944665
326.0 15.431396288257416 14.609949221713835
327.0 15.722134235150602 14.771666787635489
328.0 15.61036338686189 14.754567577378491
329.0 15.016211663534634 14.543815798182926
330.0 14.752964169458547 14.852946212141568
331.0 14.623976117864407 15.173860728271364
332.0 14.863345278723521 15.044728120639952
333.0 14.859450816888845 14.785085399896444
334.0 14.545899508191672 14.49828025321136
335.0 14.172013886194971 14.285571353174975
336.0 14.009766106000185 14.175318024730046
337.0 14.029098031897604 14.05794240375398
338.0 14.229316217399125 14.217939667819351
339.0 14.173903535400012 14.180307265041145
340.0 13.87977691831667 14.316880150129778
341.0 13.689350002184039 14.526966615959045
342.0 13.822625864985774 14.950775934427577
343.0 14.035974178721663 15.25055291507287
344.0 14.189805192424531 15.388088150632155
345.0 14.109708069275806 15.43806927494454
346.0 13.782840049572266 15.19122429453303
347.0 13.828776179576067 15.024990000003388
348.0 14.173092681331374 14.637055071701303
349.0 14.45829305571018 14.518848036880987
350.0 14.354618045629675 14.259685681570168
351.0 13.97533487273511 14.142584859336496
352.0 13.684667721779725 14.095715296652434
353.0 13.69499592357314 14.311244963970262
354.0 13.480419156718678 14.29417041514153
355.0 13.575041596442436 14.40483142513618
356.0 13.51342526832975 14.398982583021745
357.0 13.27599111113447 14.616876020684419
358.0 13.019182086176796 14.71247158316398
359.0 12.822410903852573 14.61450070043333
360.0 12.992619789219148 14.7609141797249
361.0 13.0874624022233 15.03156867437467
362.0 13.188858752980872 14.73103858119616
363.0 13.380296333746625 14.357327384909603
364.0 13.37002137956498 13.7738003837007
365.0 13.37848667834863 13.46386384198322
366.0 13.212982251360314 13.445484267055527
367.0 13.141468913968923 13.526106622140192
368.0 13.205345208779397 13.55731583634999
369.0 13.240951964448605 13.438850118979081
370.0 13.099837498124668 13.415720098694896
371.0 12.932432281293256 13.3871491871206
372.0 12.936970034474909 13.28953911351002
373.0 12.834776833110347 13.167489548671625
374.0 12.588386987287128 12.651216588923608
375.0 12.499739587494405 12.339544981548933
376.0 12.436150656888124 12.201067919145913
377.0 12.364727351237493 11.958040883655277
378.0 12.258539576376464 11.835343820893565
379.0 12.26882412268682 11.664956857056351
380.0 12.225370334307987 11.7647175154084
381.0 12.152071505534972 11.788322885318824
382.0 12.152697568718645 11.990893870584914
383.0 12.137277002464517 12.275726854896348
384.0 12.110222018060675 12.252076844731889
385.0 12.020298402878137 12.214983907797654
386.0 12.296720460219667 11.85023540914476
387.0 12.460926630208547 11.700611582124758
388.0 12.527822648131803 11.729376525657758
389.0 12.595654358076835 11.721364509981829
390.0 12.567585576371522 11.857722782717191
391.0 12.150269791099594 12.062852162593984
392.0 11.646729253530573 12.10989440403562
393.0 11.404774027718242 12.056779909512201
394.0 11.208631379338309 12.008875017300664
395.0 11.078125172277417 12.215979313696636
396.0 11.024695616130046 12.316767064815592
397.0 11.177794404901165 12.114625572391402
398.0 11.548326178165636 11.417554186406536
399.0 11.902379780999818 10.643272614861925
400.0 12.100440355333795 10.268970534396383
401.0 11.956977411926474 10.356242921795847
402.0 11.65500459033449 10.66847440092961
403.0 10.971914521008461 11.013492789276192
404.0 10.296939769803085 11.18131763396324
405.0 9.918430156069396 11.455451237714897
406.0 9.61644733428452 11.435169910343047
407.0 9.422401221356276 11.350178377061436
408.0 9.787187406306716 11.324587561354841
409.0 10.100071210271643 11.213103943549845
410.0 10.380180802350017 11.1848237582849
411.0 10.571771220343425 11.089776097436099
412.0 10.778533144632588 10.967970530835956
413.0 10.987138842039668 11.063436934002711
414.0 10.90095848670336 11.085373634532724
415.0 10.611403482114866 11.497056590210985
416.0 10.130528381451526 11.451496133553734
417.0 9.832128322055436 11.064946856739967
418.0 9.735625642848866 11.166295138794101
419.0 9.431069173516258 11.305182955658145
420.0 9.545465833068706 11.272619906838303
421.0 9.813768924065892 11.183664991920754
422.0 9.660136673784043 10.97368253754993
423.0 9.71212295493882 10.930659206844183
424.0 9.583866734604445 10.883327344011594
425.0 9.562670152358354 10.92208398935026
426.0 9.525469395031905 10.944567630761245
427.0 9.536135567157544 10.890509115746147
428.0 9.497043778488031 10.650047232287712
429.0 9.74332775300707 10.174118426623554
430.0 9.973018532227604 9.827728356157214
431.0 10.038063090050503 9.348311085219121
432.0 10.048893088851177 9.167534931997096
433.0 10.221193096247358 9.041644160189941
434.0 10.299032549123694 9.190669904103263
435.0 10.358217441566314 9.292024298684693
436.0 10.149302238778619 9.396540439499475
437.0 9.917576920434968 9.511355548004572
438.0 9.565953935804126 9.87655184618582
439.0 9.302161356840823 9.929960695809976
440.0 9.35024387590098 9.825003330057097
441.0 9.255297630690482 9.79901820587158
442.0 9.26217370449809 9.898268887200434
443.0 9.33915332998381 9.799366971965561
444.0 9.298993495768105 9.593670640411265
445.0 9.21977505594515 9.423072363860927
446.0 9.20462174861423 9.355721412966584
447.0 9.265618241291234 9.302575452407986
448.0 9.470880073787766 8.962577881302975
449.0 9.120609597657102 8.504143575603102
450.0 8.752146029147548 8.382250443147841
451.0 8.526747286350242 8.540884249117104
452.0 8.37226900587243 8.804275694798424
453.0 8.131991770954109 8.904589052773572
454.0 7.861855090603033 8.727026150007756
455.0 7.827580831474736 8.750050263736153
456.0 8.098306102186234 8.689848416988728
457.0 8.140721130652596 8.768595235083795
458.0 8.201666355466996 8.861145695023364
459.0 8.573829834890242 8.702313463782012
460.0 9.030078570668145 8.394460487665604
461.0 9.087925818566555 8.225907425635652
462.0 8.884397514809724 8.366839103573584
463.0 8.725556447843937 8.691875954795673
464.0 8.594581859872195 9.038849926421918
465.0 8.472398232945732 9.409327291134302
466.0 8.133638556043227 9.681510650526516
467.0 7.749743630037056 9.638952508606929
468.0 7.460649441178213 9.622662751818616
469.0 7.328682422356068 9.512664902537718
470.0 7.3645696923363095 9.443126891541372
471.0 7.409427723378559 9.356860806560464
472.0 7.344621781460128 9.330071681741435
473.0 7.223738796509396 9.336501860272708
474.0 7.2752740715881075 9.27257007670984
475.0 7.332473478382769 9.327721849349844
476.0 7.262256239349522 9.478646664426833
477.0 7.403555498336778 9.660369701398587
478.0 7.599390571683781 9.824662571087002
479.0 7.90045325235639 10.0044068094952
480.0 8.498863384853841 9.999471066146437
481.0 8.753375618380055 9.864191485047783
482.0 8.8251481631818 9.756742064646435
483.0 8.713804479138325 9.547691702148018
484.0 8.375963799227113 9.220129579901032
485.0 8.274525023499496 9.106522779835352
486.0 8.253709753864669 9.097050872321168
487.0 8.321975136086389 9.439712262598576
488.0 8.136661783974004 9.762146934645079
489.0 7.796466530208255 9.856703901966487
490.0 7.642736296089826 9.46794913080968
491.0 7.677618172136025 8.853441903668507
492.0 7.794081860251774 8.367485064458744
493.0 7.897724456205598 7.839441820967474
494.0 7.979858913046836 7.389732442024844
495.0 8.11668296995939 7.1766655941124755
496.0 8.151135376297951 7.158818021224118
497.0 8.487457185056186 7.135344694012247
498.0 8.875842086317293 7.047659017105395
499.0 8.732252825286588 7.028307116997715
500.0 8.48987687432431 7.148866329453767
