ns "trace A [ADC]" "trace B [ADC]"
-500.0 -0.06021191224052973 -0.226177526198991
-499.0 -0.1907543923325713 -0.21504292258738433
-498.0 -0.21574363494407692 -0.21810447557170393
-497.0 -0.10112808291449271 -0.2682911812736419
-496.0 -0.06735999377586935 -0.07529749803932488
-495.0 -0.19982849131150807 -0.015454765374504404
-494.0 -0.15330982759603573 -0.02444551554044003
-493.0 -0.2020572126887501 0.06944232299103179
-492.0 -0.14017173473252278 -0.0026240827888948204
-491.0 -0.0332741596939967 0.04319753639562414
-490.0 -0.00418573528544448 0.022858179938083138
-489.0 -0.12172944401205102 -0.0059899609364044894
-488.0 -0.2331944175115312 0.08153402948622832
-487.0 -0.10235380533728698 -0.012086513845837797
-486.0 0.13310651258067874 0.06332917974442834
-485.0 0.23619135252786283 0.0655611424506992
-484.0 0.15579079905850873 0.056479759383725674
-483.0 0.06897697763003591 0.10413143349965702
-482.0 0.006949850030622381 0.16896341734415055
-481.0 -0.004344648472795356 0.24635730599487451
-480.0 0.04893957120751793 0.2812920477523353
-479.0 0.05374603573730051 0.3200161863273065
-478.0 0.08188029485861827 0.2522566598387784
-477.0 -0.00034908741354529126 0.17749827409356925
-476.0 -0.024031165729689476 0.22183073890904756
-475.0 0.039192127810687 0.22181612444733628
-474.0 0.21120369433991193 0.1863044867808699
-473.0 0.05481832322105832 0.039823561136890305
-472.0 -0.07213781419895161 -0.03084662035129144
-471.0 -0.07203646443002451 0.13552412986211154
-470.0 0.06313227108651835 0.15012137105249576
-469.0 0.10594583683643197 0.043689010706445076
-468.0 0.10782644382832272 -3.1023584148999196e-05
-467.0 0.03745571856988304 0.0018371215308550786
-466.0 -0.11329805335244693 0.023160347832745322
-465.0 -0.2069528916035365 -0.04010254345854037
-464.0 -0.03494792350424041 -0.09424833091917668
-463.0 0.03433676523025567 -0.016860588671418267
-462.0 0.11190570490992449 0.005977423357026482
-461.0 0.04929031830075013 -0.09074132073534999
-460.0 -0.14597664405023034 -0.2430354255379002
-459.0 -0.13503453912415933 -0.1483472856509091
-458.0 -0.028621879041351408 -0.013670629088667782
-457.0 -0.019477180226769416 -0.08732362517166757
-456.0 0.038567588236515356 -0.09816184190565823
-455.0 -0.00011739029588579797 -0.18805912448450682
-454.0 -0.1050350901858117 -0.27140674871568327
-453.0 -0.021570500658259818 -0.23763013401558866
-452.0 0.1318960584496095 -0.18181728522983578
-451.0 0.16805617527946667 -0.08658756774999189
-450.0 0.2061622335834959 -0.175746874547674
-449.0 0.057263173294690856 -0.26929400463807385
-448.0 -0.10096034921422781 -0.2672307547575153
-447.0 0.016757290399075173 -0.07136402778791366
-446.0 0.19658240375737135 -0.03671187072817105
-445.0 0.2969985400177079 0.016926566108572388
-444.0 0.24393073783205532 -0.03384444247063936
-443.0 0.08586019839500139 -0.030307685255625823
-442.0 0.04825827789878891 -0.027163558211392824
-441.0 0.2255512920019688 0.1749282168750885
-440.0 0.31887797199153056 0.2147527568373248
-439.0 0.29913587143811227 0.20992381550817527
-438.0 0.2465853113720782 0.0004651403159428975
-437.0 0.1288728173881135 -0.13532306297817254
-436.0 0.13464371790083313 0.07688847005994766
-435.0 0.06285075012394872 0.24706254490276341
-434.0 0.04437912727355204 0.4195331607441828
-433.0 0.08505422996099286 0.24375057467815933
-432.0 0.04766559356572753 -0.019946571854251558
-431.0 -0.047868949910782436 0.010769534008606627
-430.0 0.019820902448159813 -0.00461806923537506
-429.0 0.07799657522614652 0.04167089710355517
-428.0 0.14078018496788644 0.07342128120001878
-427.0 0.08070108953205116 -0.04781577568216585
-426.0 -0.01432725406944455 -0.11809928938919914
-425.0 -0.07637565943021264 -0.20202091668126512
-424.0 -0.18573483322907058 -0.10914173551689596
-423.0 -0.31286349119886825 -0.045406885741831375
-422.0 -0.2695908764100453 -0.06768281560160096
-421.0 -0.16325955267463532 -0.0699433351081912
-420.0 -0.22152094392026128 -0.19976416643463882
-419.0 -0.23681092504902568 -0.2766722393252479
-418.0 -0.25579441241862294 -0.21308227900423796
-417.0 -0.19761794981792277 -0.13107380004295238
-416.0 -0.19437439186870398 -0.060353588094032476
-415.0 -0.11612946701592819 -0.135005525337177
-414.0 -0.20431121481581874 -0.27960758119994994
-413.0 -0.32896475010774995 -0.270913592480752
-412.0 -0.40136601534472954 -0.24155252344184544
-411.0 -0.2976667232324771 -0.051874210599262616
-410.0 -0.06466023136158992 -0.00369070244868044
-409.0 -0.078033730310527 -0.02582611538931953
-408.0 -0.07623703998225334 -0.03498069281579218
-407.0 0.06809708009405355 -0.014549146018311069
-406.0 0.038080241813761566 0.14990082872865035
-405.0 0.03503970616227661 0.1853456899872749
-404.0 0.07274820423537812 0.22436365643207093
-403.0 0.14826958420189384 0.2794715929739237
-402.0 0.20748724304939425 0.4053513721910831
-401.0 0.26336409452892906 0.20319454486173918
-400.0 0.18182718356164468 0.2596919497733529
-399.0 0.16123875794321701 0.2746776203116517
-398.0 0.14051051390910355 0.3238747032232295
-397.0 0.2405530698994706 0.27344204136464423
-396.0 0.3325491663685247 0.3163769582309703
-395.0 0.39150035431318747 0.31144803237176394
-394.0 0.29764668817632545 0.18465814911263312
-393.0 0.1582857543776167 0.159546967910137
-392.0 0.1498656249263971 0.16818044947766475
-391.0 0.3342749386043176 0.20371138687301435
-390.0 0.3661014538183349 0.2030002333073994
-389.0 0.39385564821284574 0.15536733324283258
-388.0 0.41510418094135865 0.21570346397819837
-387.0 0.4618282625380854 0.2661143557628675
-386.0 0.48390712737643726 0.2667165440989544
-385.0 0.33829678137945074 0.1838705257048773
-384.0 0.3955897803692908 0.17679617499256856
-383.0 0.4759151059863227 0.1580194485390094
-382.0 0.3114482528170574 0.08023248433576674
-381.0 0.20474862104528657 0.08768600564404627
-380.0 0.2012613510874048 0.03178288616345389
-379.0 0.15682200824582318 -0.1606802147105744
-378.0 0.13589758452202721 -0.2185738119683344
-377.0 0.19782214683516705 -0.35328391269196874
-376.0 0.07730502016139863 -0.1979678048163302
-375.0 -0.038744955493299586 -0.22199642859829463
-374.0 -0.17430365503686412 -0.12528691025481078
-373.0 -0.16428098737439045 -0.12849600675619444
-372.0 -0.08325585955358628 -0.23034873005936965
-371.0 0.03171758231383347 -0.2154610000351619
-370.0 -0.012173302339144812 -0.22949280639798372
-369.0 -0.047724243678629256 -0.24075725111736088
-368.0 -0.14271946284549117 -0.3171746429854536
-367.0 -0.11484468100282763 -0.37776406392194883
-366.0 0.14702842634907637 -0.07840255569978599
-365.0 0.3388014977967373 0.056712960866693266
-364.0 0.2467076024382614 0.11427034459439471
-363.0 0.12986180675644482 0.19781644314724833
-362.0 0.09982015513716103 0.14060092427636858
-361.0 0.19686271143379347 0.15704703342841833
-360.0 0.13693651440141322 0.25216036845750067
-359.0 0.1484864826097683 0.40368639289811287
-358.0 -0.04002771448249048 0.21228353717281695
-357.0 -0.0959751539524289 0.040771213465183954
-356.0 -0.20550677740480094 0.14137950955933778
-355.0 -0.09468872569721361 0.23836379470999827
-354.0 0.013572648029123127 0.16899277649984004
-353.0 -0.049312142040178294 0.11060486947273616
-352.0 -0.17708256376348944 0.06612193388832971
-351.0 -0.2044656672880107 0.14315830878554844
-350.0 0.014248427747062578 0.18032572483504783
-349.0 0.012869548853667869 0.236909002191137
-348.0 0.06290993012665487 0.18775985732705464
-347.0 0.10283781254013942 0.1090159980130324
-346.0 0.12696749010320701 0.18705337701279207
-345.0 0.03764135131008288 0.1745683842233907
-344.0 -0.007480616467858737 0.2908271287337238
-343.0 0.19902051367113072 0.43041324357978905
-342.0 0.31258750035357713 0.2684607656842681
-341.0 0.14780923928061424 0.08969863022113587
-340.0 -0.09512712861971749 0.04976334006060506
-339.0 -0.14671675282136357 -0.06288315301125401
-338.0 -0.09806272568907522 -0.010741223580943073
-337.0 0.09995823147265542 0.022388501399231684
-336.0 0.07332220739739194 0.11086564298603933
-335.0 0.04189808431632764 0.015940032365126627
-334.0 -0.13840458799520206 -0.12570121869625278
-333.0 -0.12571308777708842 -0.11216539833307614
-332.0 -0.010789014769554494 -0.05963488279026921
-331.0 0.15071208205441425 -0.07073704542458283
-330.0 0.2738742946365214 -0.04427626495429422
-329.0 0.13528009249537193 -0.08924401538161322
-328.0 0.19845736008513537 -0.29732676582611145
-327.0 0.29967317433499935 -0.34135406451100136
-326.0 0.36424059446887164 0.023177786614181316
-325.0 0.47114297788562315 0.2323641351137835
-324.0 0.613204629476357 0.16138131384759916
-323.0 0.5785699592015944 -0.03560417097639867
-322.0 0.34355276587972833 -0.18364598539184643
-321.0 0.3405010223136056 -0.07206228389968734
-320.0 0.5372784842584638 0.01013625677774553
-319.0 0.42013681796969676 0.026490290697472
-318.0 0.45861179687304604 0.029770739269943565
-317.0 0.33148206352096804 -0.10927612956038787
-316.0 0.28001415885482045 -0.06250117960283516
-315.0 0.12008478324302768 -0.10957428423084775
-314.0 0.26021540347282485 -0.08651568716969335
-313.0 0.4774437519280597 0.1347689295524325
-312.0 0.5633981287144593 0.12681402759865745
-311.0 0.43306124007297375 0.05346214730162765
-310.0 0.21988469808107539 0.07447814316585437
-309.0 0.20653633867531387 0.06211263299346334
-308.0 0.28429600411063344 0.3361566081310158
-307.0 0.39561907425047294 0.37501467193770827
-306.0 0.35772332211975066 0.45077992400676603
-305.0 0.36006843496345164 0.31011524162276194
-304.0 0.16994730326951898 0.14495084508592285
-303.0 0.06373650520271104 0.13461374780869226
-302.0 0.09314032470620061 0.23139721720344966
-301.0 0.24438622975060778 0.3979654866567695
-300.0 0.21286791870665683 0.3660883623446921
-299.0 0.009863842685911202 0.21746624559779312
-298.0 -0.22533420175641017 0.05540773453320152
-297.0 -0.2864140362326867 0.15552287947936555
-296.0 -0.2612905867102258 0.23583784438435118
-295.0 -0.2578058188996388 0.3471466680078652
-294.0 -0.11179639970742225 0.26776401986633447
-293.0 -0.07236868867907845 0.1469365231860952
-292.0 -0.1732911554024257 0.09223471110087123
-291.0 -0.3478241210512929 0.24868137661137152
-290.0 -0.16776555033285923 0.3350521906868439
-289.0 -0.08089126319279825 0.29552966240532713
-288.0 0.022055458166043495 0.2884752027318697
-287.0 0.10013671479561673 0.1834489900913617
-286.0 0.10358383063713608 0.19322381744736344
-285.0 -0.05948398070475605 0.29275221953695885
-284.0 0.010918281943014143 0.3720426100420242
-283.0 0.1820989484057768 0.4320551249349607
-282.0 0.3042484129410475 0.3486042454520241
-281.0 0.3567730047733064 0.2097242647778709
-280.0 0.2701997317947512 0.0992452438264504
-279.0 0.1790970352285721 0.11284616401779932
-278.0 0.2016943023964885 0.2621748836074842
-277.0 0.2997603703619047 0.25760756877339447
-276.0 0.47198726739494606 0.2967405701901297
-275.0 0.5370151867465006 0.42236530982878184
-274.0 0.4777623553004704 0.36320039782063074
-273.0 0.4767788962286497 0.33417132210735023
-272.0 0.37062934322865404 0.21703256477914978
-271.0 0.6626321875330415 0.3398877266652476
-270.0 0.6616186606266251 0.35053048713628093
-269.0 0.6040366867172711 0.3670961512229056
-268.0 0.6295254123839378 0.39210591978307935
-267.0 0.7717525195495523 0.4715341386133169
-266.0 0.873706101525063 0.5563786450977963
-265.0 0.7708042881974083 0.4810828811453889
-264.0 0.759078647454182 0.42180736705081684
-263.0 0.7272373259000308 0.44426844628703593
-262.0 0.5418576929449747 0.48213320272159793
-261.0 0.5577447169907404 0.5127153632147706
-260.0 0.675163564036991 0.38155476441639485
-259.0 0.6029737827441024 0.46215664186586564
-258.0 0.5569685781265384 0.4709264538886666
-257.0 0.5585875962523746 0.2862832588248186
-256.0 0.5058187746324345 0.40829309778955053
-255.0 0.43476820993250065 0.308181621488859
-254.0 0.5939467030688134 0.21182898374181233
-253.0 0.6783819708553271 0.2338822628822411
-252.0 0.5709230973063747 0.26202380803019054
-251.0 0.5477190193856961 0.3114415814457753
-250.0 0.514288493097481 0.33470146468410394
-249.0 0.5369638223193938 0.429456458130351
-248.0 0.4234876651744306 0.37453846763204807
-247.0 0.28366000458402046 0.2546421472925402
-246.0 0.2602778835194075 0.2646347845834335
-245.0 0.38253604366954597 0.3396713850122237
-244.0 0.44625562178851724 0.37237196700532826
-243.0 0.5162559051177875 0.3888775501333296
-242.0 0.5831987148429858 0.4077630315328189
-241.0 0.5736939255107613 0.4981876868876979
-240.0 0.5081649402673188 0.4766273175235315
-239.0 0.46712072687510003 0.473123972834053
-238.0 0.4461227581792926 0.5328576331524884
-237.0 0.45921285879605644 0.6290902035549577
-236.0 0.48338854578452334 0.7060064861815304
-235.0 0.5276475465893868 0.7211845787814295
-234.0 0.5105034813413925 0.6401694931345536
-233.0 0.4049911538899597 0.6974438281551592
-232.0 0.3827354967509636 0.6836937011991907
-231.0 0.35788673949370337 0.9216897655472338
-230.0 0.4554679415093101 0.8568876409347054
-229.0 0.4233136661427512 0.7672846384843631
-228.0 0.3942704026266122 0.7336457133383437
-227.0 0.552910911666067 0.701607610716735
-226.0 0.6900935993670952 0.7772074534261366
-225.0 0.44341966854753034 0.727054497325304
-224.0 0.35611676507608564 0.6703139070353294
-223.0 0.37271417990795536 0.6791548129150298
-222.0 0.43928889679163774 0.6440416541523364
-221.0 0.5046443113539083 0.5918111059855897
-220.0 0.5188918472479978 0.48502704112779477
-219.0 0.4399236670732678 0.4969194719170047
-218.0 0.4157189438217152 0.5924959702391176
-217.0 0.48030280720327934 0.4640823033506228
-216.0 0.3474011139320038 0.6010316992652138
-215.0 0.3408084262082825 0.7840952243030538
-214.0 0.272133657659812 0.8253222905208354
-213.0 0.23706945523823428 0.7014757398393534
-212.0 0.30310443548951893 0.5467822901810174
-211.0 0.5118700185670408 0.5915788743063404
-210.0 0.5732876508093736 0.6556025140526239
-209.0 0.47666287342851377 0.7481340387364968
-208.0 0.4749398809078331 0.7307379316011963
-207.0 0.5752996227154871 0.5694655541699736
-206.0 0.5647215838045581 0.31607914073187304
-205.0 0.4794590071744874 0.2336034665205284
-204.0 0.5245160918674904 0.28986381002068506
-203.0 0.5930588721775046 0.36883613164165896
-202.0 0.47025219544862684 0.3576785501532313
-201.0 0.61684080072674 0.4425948965822814
-200.0 0.7365252935208095 0.4548072575413739
-199.0 0.7176919901079162 0.48832014576732174
-198.0 0.6586972920423033 0.5507975275948414
-197.0 0.5970962154438261 0.5194048587922764
-196.0 0.644576598335838 0.6346472388803909
-195.0 0.6245029553598848 0.4957778743422591
-194.0 0.6751728333031584 0.4490443346338176
-193.0 0.6698387229941966 0.5179504037542968
-192.0 0.634323453102902 0.4295768671093163
-191.0 0.6412928554980901 0.3789993876747089
-190.0 0.6507152043425135 0.36430266346014695
-189.0 0.6203257819705011 0.4520161531233862
-188.0 0.5562172113973245 0.4438828872849
-187.0 0.6450345924982339 0.35083351389635925
-186.0 0.6572139681358946 0.510331437376898
-185.0 0.7128884140131536 0.6095417014495529
-184.0 0.6771196794106804 0.6781220995672926
-183.0 0.5112512328576885 0.6178404158643277
-182.0 0.4764701648277525 0.4492429062032664
-181.0 0.5157888519582986 0.6064703661791688
-180.0 0.4784447307687492 0.6190522321833765
-179.0 0.5209757563287806 0.7747273369056521
-178.0 0.5425011330703977 0.8852737525878652
-177.0 0.5656865937919419 0.844818940912438
-176.0 0.5309491860657009 0.7539482054148512
-175.0 0.32928542729739047 0.824365005618491
-174.0 0.4263234977062737 0.7601159122295331
-173.0 0.4069394377096795 0.8984528920238312
-172.0 0.32910515861875655 0.749284039444552
-171.0 0.47656567625437213 0.8480815174191781
-170.0 0.5496797990772588 0.8533498149967986
-169.0 0.43730090178673897 0.8531654400089063
-168.0 0.4081552473081109 1.0037331782325174
-167.0 0.39716329168917197 0.9641780361721355
-166.0 0.6358707428237657 0.9660276956584597
-165.0 0.6618991065558635 0.897813279080327
-164.0 0.7977886738111446 0.7627967540964316
-163.0 0.8266982235291805 0.8604046474610167
-162.0 0.7145338185756408 0.979519688846362
-161.0 0.7463878805479733 1.1824424491769052
-160.0 0.752855720035715 1.2929562384256919
-159.0 0.8441283798331229 1.4173726676357092
-158.0 0.837231682237529 1.5534325457628524
-157.0 0.8470616866952919 1.4097452535648545
-156.0 0.8304211682578724 1.5896571548554939
-155.0 0.8575463797592506 1.719497343709931
-154.0 1.0678759915052285 1.810836127441408
-153.0 1.2756549200610845 1.65789534733389
-152.0 1.3425413488142732 1.6351990677384476
-151.0 1.4292936300766297 1.7998363872631762
-150.0 1.3704565289071884 1.8488257446497796
-149.0 1.4305293657301883 1.8449193936561197
-148.0 1.7285752956948426 1.7689942742393476
-147.0 2.0145488847341357 1.747342741549737
-146.0 2.0672225972333633 1.6173904412401319
-145.0 2.109207694983093 1.5922241932289094
-144.0 2.247418637031895 1.7696144229869653
-143.0 2.283557862469241 1.9886218731476935
-142.0 2.527876208359151 2.1566412338870187
-141.0 2.6545140698842125 2.4308568598656954
-140.0 2.7649324884072244 2.338300220180978
-139.0 2.7995737730671153 2.2611103462532633
-138.0 2.8197694341354316 2.4718833020448736
-137.0 2.852234528009322 2.909815220718728
-136.0 3.0266532940425726 3.3105071377390125
-135.0 3.0524009962784597 3.547950985678798
-134.0 3.0882187819242772 3.544164673909803
-133.0 3.1034462727132275 3.773522655144661
-132.0 3.400976016910826 3.916334973731319
-131.0 3.5681904443970724 3.896742570048879
-130.0 3.744793454660173 4.031148023180495
-129.0 4.088815833758514 4.06006705219158
-128.0 4.145401699749167 4.324281064895006
-127.0 4.0417570332479205 4.6009212024363295
-126.0 4.062194605657099 4.98970887529385
-125.0 4.24788976562621 5.471471338442332
-124.0 4.448708421623931 5.507951441333112
-123.0 4.648583550995365 5.622403999697907
-122.0 4.639557771369623 5.685840499072976
-121.0 5.046564220928949 5.950966068398059
-120.0 5.232050002070744 6.173482242771785
-119.0 5.417309869368346 6.556758590306296
-118.0 5.732926558843359 6.919048264155548
-117.0 6.210602846897855 7.694415109948448
-116.0 7.0210565265895095 8.650673495149974
-115.0 7.702531231018009 9.649574717736655
-114.0 8.553442063331564 10.858449968255886
-113.0 9.811424425565736 12.582092362838122
-112.0 11.513629820292378 14.251315487852228
-111.0 13.648115724266336 16.086377519472
-110.0 16.081872723026247 18.25286853000751
-109.0 18.042378595528742 20.603789653517747
-108.0 19.922050014021604 23.289454037787998
-107.0 21.960251035005545 25.972870608718985
-106.0 24.642334918115775 29.262204485414106
-105.0 28.134897921016428 33.17308084271748
-104.0 32.82019242792261 38.06907331236112
-103.0 38.77619629215895 44.190306833684396
-102.0 45.94720328012311 51.62094811348828
-101.0 54.139806399613136 60.408916217975
-100.0 63.186574342548866 70.85821839097603
-99.0 73.28229332158655 83.00811184677875
-98.0 83.82532970823543 96.16686985257671
-97.0 95.00001202033249 109.81270318102253
-96.0 106.83719197024844 124.43230996374602
-95.0 118.56775973465419 137.97508131360917
-94.0 128.3961612225797 148.9785700911813
-93.0 135.88438590336355 157.32993315251474
-92.0 141.38695572218916 162.1416079640008
-91.0 145.058223759269 165.40430494861346
-90.0 146.97753216735066 167.6001646819464
-89.0 149.7852134100439 169.9774782966363
-88.0 154.2844883028569 174.37218403346682
-87.0 161.19329687749897 182.84314545779355
-86.0 171.32131452520704 195.53310073630712
-85.0 186.32233124657293 213.38686875104003
-84.0 207.2394297344488 236.5614258733927
-83.0 233.05833310746678 265.4428229814869
-82.0 263.08804504079404 300.2973194612621
-81.0 297.50257395377264 340.56045694377593
-80.0 335.92507338759816 384.1976248825251
-79.0 376.29860888356194 429.7771977814255
-78.0 416.6205656335609 475.6039643784548
-77.0 454.4203745769219 517.0722062931227
-76.0 487.4900305815224 553.086892156153
-75.0 513.3285450519428 581.1069713426388
-74.0 531.8923989647458 601.8369088597665
-73.0 542.4440398295263 615.667291687733
-72.0 546.1064350892527 621.1131984325968
-71.0 544.510837960621 620.9031209871819
-70.0 541.1693597508098 617.7595882366215
-69.0 536.7676212833711 611.8796774860912
-68.0 531.9650297225141 604.1198963884914
-67.0 526.3955918631291 596.9054638235151
-66.0 520.9322409863006 592.1487513783995
-65.0 516.8439640511701 587.6755918627731
-64.0 513.6318942685303 583.7362601312647
-63.0 512.2575488353722 582.9435781785498
-62.0 513.0274394567716 583.9383414553658
-61.0 515.8442752239156 586.423914274151
-60.0 520.2655474560956 590.3716541815135
-59.0 526.147075308266 596.3193594562597
-58.0 531.9815197665429 604.5085980507839
-57.0 539.0797589292114 615.1007246811341
-56.0 548.1451805363041 628.0830789385395
-55.0 560.6670201309521 644.1293671771472
-54.0 576.920858527447 664.4577812990061
-53.0 597.1691357431902 688.9907461760424
-52.0 621.6827483246764 716.6089226918433
-51.0 651.059625801198 748.1676484489709
-50.0 686.4106287580132 786.3235075705504
-49.0 726.6032506091864 832.3642123737436
-48.0 773.8652143001659 886.7452854257998
-47.0 828.2766737962515 948.929085995295
-46.0 889.5177917777842 1019.0696595414239
-45.0 955.4860924415289 1094.6341174434897
-44.0 1024.8801278127694 1174.9695548067684
-43.0 1095.7391926428463 1258.966094739899
-42.0 1168.7787173291126 1344.5455208622272
-41.0 1242.6503956257343 1429.5875032262256
-40.0 1313.2666880726808 1513.058178768423
-39.0 1379.179428196039 1593.656890350843
-38.0 1441.4151316769114 1663.4198808005503
-37.0 1497.9285858416388 1725.131138965788
-36.0 1545.1312971370587 1780.9349959969384
-35.0 1584.3659370421149 1830.1271287202374
-34.0 1617.1745027451555 1868.197906305945
-33.0 1643.844511502832 1900.813058957729
-32.0 1665.2979944368483 1927.3731354438328
-31.0 1683.0808334148142 1947.8397267342182
-30.0 1698.5777709350157 1962.9361273355244
-29.0 1709.6712101047756 1976.4559846885168
-28.0 1717.3383846301972 1986.1236513609358
-27.0 1724.6323243189495 1993.6562077183564
-26.0 1734.1634835376851 1999.5219417604314
-25.0 1744.233129006888 2005.0512215250951
-24.0 1749.8120760113893 2010.133635275508
-23.0 1753.2594346884118 2019.4868345965658
-22.0 1760.7763604346817 2032.0703769186216
-21.0 1770.6786633560632 2044.032504962311
-20.0 1780.538770155734 2052.237748293043
-19.0 1790.8417151524498 2061.855635075516
-18.0 1800.0353691276314 2068.288649499471
-17.0 1808.598207626583 2074.116441778106
-16.0 1817.4233977059132 2081.466423750015
-15.0 1824.4808551834456 2091.8163199328337
-14.0 1828.0168422806064 2101.1098278592913
-13.0 1829.0270627453183 2105.986713196274
-12.0 1830.3441939453885 2106.371992761593
-11.0 1831.4119689178904 2104.9910048877164
-10.0 1831.3827726572372 2102.142998417216
-9.0 1831.4359880705326 2097.74336642986
-8.0 1829.6229792381444 2095.5377763980005
-7.0 1824.7238471183075 2094.500418073617
-6.0 1818.6165081573538 2090.161353920235
-5.0 1814.9258957736904 2081.9820345904996
-4.0 1812.7509900664609 2073.82902263904
-3.0 1808.6967845412519 2069.3554555862015
-2.0 1806.9581071092796 2068.9215956224953
-1.0 1806.942814492261 2069.7225504914527
0.0 1808.296582851275 2072.0141265690418
1.0 1809.2381298092073 2074.298015864116
2.0 1810.7716326496407 2077.350419726732
3.0 1812.979941161061 2079.0930629390964
4.0 1815.8729523167822 2081.5799951552685
5.0 1822.4531518152287 2085.2548366442884
6.0 1832.0290127516123 2092.4259688500442
7.0 1845.0455099552398 2104.009160382289
8.0 1857.6680108364974 2120.9780335228174
9.0 1872.2480755720494 2142.565481934199
10.0 1891.0343382160142 2166.438021639208
11.0 1915.0164427420002 2192.364546092578
12.0 1939.180769564198 2218.8909789816216
13.0 1964.3285129557453 2248.4148445591127
14.0 1994.397879949193 2281.5996292295413
15.0 2027.9478416937568 2315.8884779326618
16.0 2059.1621905728134 2349.5826928193196
17.0 2087.9441293938794 2383.2980233757394
18.0 2112.290289766992 2412.4821771234206
19.0 2130.9151814563634 2436.464977945419
20.0 2142.17796131154 2452.1500252244623
21.0 2149.9773044660374 2463.083243102133
22.0 2151.8589160002425 2463.709361498159
23.0 2142.090766831284 2452.6871267025467
24.0 2118.4801094361733 2424.5649756511525
25.0 2082.5374260862613 2382.586773428156
26.0 2035.1474323618688 2323.9931967346615
27.0 1978.0780634700657 2253.1681433546546
28.0 1914.6597282247908 2173.1205318740026
29.0 1846.2571527269365 2088.993116476181
30.0 1772.8864385109987 2001.5063883478765
31.0 1698.2121602207785 1913.6452187416987
32.0 1624.2953550899201 1823.9900757732994
33.0 1550.2113125879182 1735.4340358712027
34.0 1478.7973452930162 1649.427378449906
35.0 1410.0840803559129 1567.712465935973
36.0 1343.2364508869343 1488.818728620808
37.0 1280.0586996698476 1417.260202414105
38.0 1222.1232363962324 1352.9722184932925
39.0 1170.889118471752 1296.9812953266003
40.0 1126.3541014710843 1247.7401863047626
41.0 1089.595241868622 1207.7803051034787
42.0 1063.2902774664244 1176.8939767736372
43.0 1046.794166093852 1154.2554948912205
44.0 1035.0308940985433 1138.9162694999102
45.0 1027.424457653803 1129.4910772135145
46.0 1023.9028336752284 1125.6492267463375
47.0 1023.3601683171964 1124.084983182329
48.0 1021.7411974605312 1121.1909381577407
49.0 1017.7699100474944 1114.4806764959667
50.0 1010.4730093028398 1103.1483711038334
51.0 997.642527861914 1087.4520401419957
52.0 977.083041564708 1064.9881375330951
53.0 946.4599868315079 1029.9858328583018
54.0 907.356456726748 984.7297386798651
55.0 861.6369334716429 934.7372632560875
56.0 812.1645516251542 880.5365712278588
57.0 760.8998575310376 822.275525109423
58.0 711.168549792684 765.280216680633
59.0 664.0871837697975 712.1898694088682
60.0 620.6847766259762 664.763202799843
61.0 580.5022545251283 622.7855868972681
62.0 544.8014362207997 585.0831954008147
63.0 513.045619415616 550.7005839046365
64.0 486.1323081378597 520.6811966747821
65.0 462.4764920472108 494.8369564387507
66.0 439.5710817945442 471.243521008418
67.0 416.8792724305658 448.4074278447087
68.0 394.5836345212736 425.51929566827783
69.0 373.65163727538635 402.8606486002116
70.0 353.2176393655058 380.926544297104
71.0 333.56293401015824 360.30567721213845
72.0 314.9730437546255 341.64594496703313
73.0 297.8387705963101 325.26082420087533
74.0 282.37983240136526 309.9839038867593
75.0 269.07388535391624 294.7479270675901
76.0 257.8010170742486 281.740411320269
77.0 248.05763555500766 271.3579504476417
78.0 239.62778894888208 262.25041933065665
79.0 231.78156181300238 253.04196373472953
80.0 224.29905082264736 245.71381112466634
81.0 217.47741956664373 238.70533865707262
82.0 212.47409925297504 231.4055505938734
83.0 208.13501202062068 224.76983729305348
84.0 204.05053338125802 219.84881295902719
85.0 199.5485786309399 214.69655192650265
86.0 194.955336229774 209.24544565502924
87.0 190.57637611397845 204.1226184225338
88.0 186.4223081850433 199.9174937289167
89.0 182.53630670131642 196.16055211096423
90.0 178.97097251322353 192.00966400722754
91.0 174.96057405886825 187.76025986659997
92.0 170.60275262103121 183.47651276530024
93.0 166.20719956633974 179.594464771707
94.0 162.3528778978104 175.7157886146144
95.0 158.9394037567485 171.3202186669053
96.0 155.3002365504269 166.8423961679213
97.0 151.30817324064074 163.3502884554114
98.0 147.6176412975169 159.90257924224062
99.0 144.9157967436609 156.79118575572244
100.0 142.33173996244395 153.8059242365813
101.0 139.541081909965 150.98736812022412
102.0 137.44380879429377 147.43854244294178
103.0 135.7790647894185 144.004763592485
104.0 133.23215276616455 141.88145666089736
105.0 130.18330821796454 139.86807410601423
106.0 128.10896685585527 137.60498805874096
107.0 125.86761177892325 135.46098567494164
108.0 123.38405700398295 133.85807902183268
109.0 120.63483445996174 132.08919786044476
110.0 118.31968972907954 129.0944958564516
111.0 116.56476598673389 125.82744940140792
112.0 114.48484960752191 123.13151656005766
113.0 112.18299406819912 121.0739665741081
114.0 110.30510104151035 119.22189525457495
115.0 108.32806508093213 116.73362324520781
116.0 106.05836016652809 114.10039297730746
117.0 103.9793324947995 111.93289562963959
118.0 102.40046223520768 110.29551641745307
119.0 100.73829995604626 108.60429486262477
120.0 98.90573021278068 106.81475415491332
121.0 96.85264251132534 105.14637104691722
122.0 94.66768306724232 103.09984439855783
123.0 93.20941010175605 101.18515882110844
124.0 92.26826129416547 98.72053523941184
125.0 91.07772844945116 96.78122854422223
126.0 89.82755621741435 95.94453302662993
127.0 88.33776535266776 94.95443821396789
128.0 86.89491537429447 93.32433304229772
129.0 85.40804152350891 92.0546332574911
130.0 84.01226999616883 91.20996007553303
131.0 82.02197057520182 90.78640752608422
132.0 79.97535635470312 89.40936853888425
133.0 78.6260235254936 87.79929554329794
134.0 78.03628412304978 85.71308384707626
135.0 77.47576528114493 84.02542102929606
136.0 76.48123626903399 82.19696099773707
137.0 75.67302137432598 80.2431264635893
138.0 74.81115074982978 78.79670846010082
139.0 73.84070235599287 78.02218759246266
140.0 72.63263793817809 77.20212418664012
141.0 71.29552249146451 76.17628784827772
142.0 70.2620622899702 75.07165555866516
143.0 69.00527381492078 73.67039125028991
144.0 67.24231394404906 72.32209674715119
145.0 65.86119790862463 71.56329874790691
146.0 64.70367664174204 70.41487805988768
147.0 64.095645252262 69.07453169855417
148.0 63.154113502745105 67.38442059072102
149.0 61.991958087072646 65.55239036906873
150.0 60.48648769183949 63.18385955590954
151.0 58.991155055424684 60.781660242673865
152.0 57.66714781152509 58.48332569166165
153.0 56.003926566432035 55.827878275700456
154.0 53.76486838446445 53.17703845809464
155.0 51.260884176653015 51.05532125910438
156.0 49.48935013451532 49.46685561749332
157.0 48.42845287551088 48.641419825883
158.0 47.9731185755943 48.84005886851241
159.0 47.05585271524592 48.47557437129816
160.0 46.15826824331098 47.293095669551036
161.0 45.69773092371048 46.20796404414686
162.0 45.80959807371022 45.110514751675154
163.0 45.531388307731966 44.47746114285516
164.0 45.133380203760325 44.56915586905069
165.0 44.916155401132194 44.72811722097729
166.0 44.55133148969434 44.452297774891804
167.0 44.241412201246845 43.75679488766942
168.0 44.338980761325665 43.70642782298403
169.0 45.138098051484064 44.58684264712012
170.0 45.707991774074216 45.29380356065932
171.0 46.221686109785 45.9590656114335
172.0 47.1666078491408 46.83082495268979
173.0 47.700103739303515 47.946390534762685
174.0 47.77226908485602 48.37840291912007
175.0 47.67102376421964 48.31748807677528
176.0 47.63558823587076 47.98286396327876
177.0 47.64542329292873 48.05574919079702
178.0 47.37717839093545 48.55221049474383
179.0 46.72845603274753 48.80565712214327
180.0 46.034677050604785 48.90366407527987
181.0 45.60972032459522 48.09285668086417
182.0 45.28347955381699 47.31409622938076
183.0 44.678753315513354 46.53866476459718
184.0 44.30942059580568 45.83479789763252
185.0 44.10113301948622 45.94618788667538
186.0 43.84334987896523 46.1290753269536
187.0 43.83421698181319 45.74605528376539
188.0 44.14760487785844 45.0332581259736
189.0 44.14261097198809 44.92658958055415
190.0 44.10818022350394 45.68698808735776
191.0 44.268908377252544 46.246385420485424
192.0 44.69767005230544 46.66044492545528
193.0 45.532647988031776 47.043567431553065
194.0 46.34390283444532 47.71625842401144
195.0 47.073060887399194 48.21234343162479
196.0 47.45706933822776 48.93561482822885
197.0 47.69711826425239 49.2414954713539
198.0 48.04049932930758 49.067610573877275
199.0 48.35824317846062 48.94573348711994
200.0 48.43859264359979 49.36971904370199
201.0 48.32814347544472 49.955005099759234
202.0 48.55280382588693 50.30338319784921
203.0 48.6421335409599 50.03307780097028
204.0 48.5306074230143 50.16920246812533
205.0 48.52925833378195 50.05470254444309
206.0 48.90350985560903 49.71428493811095
207.0 49.38918686190299 49.463574473085636
208.0 49.83960624582737 49.466134886915334
209.0 50.36871236452975 49.401376073695644
210.0 50.82251918053657 49.62634618499227
211.0 50.57624628589958 50.19960179153416
212.0 50.14795899360663 50.522565428661565
213.0 49.932117349459396 50.95632865804235
214.0 50.20394572599637 51.3294924335294
215.0 50.7597648226448 51.383592890747884
216.0 50.96219060454894 51.41940732648735
217.0 51.11915478746184 51.44047040081589
218.0 50.79912889448665 51.44931178341139
219.0 50.57287829488094 51.70243716193441
220.0 50.71898875639559 51.41393915303331
221.0 51.146302808503215 51.28921077736247
222.0 51.47164792155403 51.057144027225114
223.0 51.791223845783584 50.847568386275675
224.0 52.04865525042456 50.55572103624437
225.0 51.78162561197622 50.45554894080279
226.0 51.478034482812554 50.389069040180935
227.0 51.05356006702047 50.140238617757284
228.0 50.81646828523338 50.08632009974976
229.0 50.97035402258141 50.23894065076171
230.0 50.84710520542437 50.08484033049707
231.0 50.24708811106663 50.190183280011965
232.0 49.739968342303385 50.716012078288145
233.0 49.33764579377575 50.884838690600496
234.0 49.53139064240104 50.893837627851184
235.0 49.85144631222069 50.7822725259677
236.0 50.02469021605758 51.14815258352313
237.0 50.125822728320294 51.57923174674628
238.0 50.295594287519 51.748129478489034
239.0 50.13454392991425 51.81478792139749
240.0 50.00167106287232 51.536678950325225
241.0 50.07462469164855 51.03936681529024
242.0 50.02789235791805 50.4194200571467
243.0 49.67760528433224 50.05868906030218
244.0 49.49933739193901 49.68489902851822
245.0 49.36347002175745 49.64019283021905
246.0 49.39710501625094 49.281205252544964
247.0 49.232094877811605 49.36939240986755
248.0 48.68697631101522 49.10010545289791
249.0 48.15904431914001 48.769987289204884
250.0 47.54013052755347 48.334927297816236
251.0 46.85558358413252 47.933007049530694
252.0 46.35421106520775 47.63308453333299
253.0 46.28000315864459 46.714913647753484
254.0 46.16367676903771 45.58229798743033
255.0 45.62153517884116 44.15595430730553
256.0 45.17967176149123 43.69153591527213
257.0 45.23651159962973 43.51039000532958
258.0 45.30903163165414 42.97136879309583
259.0 45.404724860861116 42.44146539265415
260.0 44.73366318668178 42.19522464217626
261.0 44.08343646826531 41.870780485931434
262.0 43.83312735782601 41.15790788720597
263.0 43.64307086840759 40.58590483259478
264.0 43.50955737762773 40.68844382626772
265.0 43.44345294767543 40.571969396121176
266.0 43.31843407191277 39.98412873884574
267.0 42.696641733191925 39.855707972837266
268.0 42.046455501769195 39.95643137990522
269.0 41.481074139032394 40.180748337948
270.0 41.11641065030365 39.97507313108325
271.0 40.21272554068116 39.50490967767739
272.0 39.22670543470653 38.821632072510724
273.0 38.59444086112966 37.635370645265766
274.0 38.13251052154756 36.77764763879305
275.0 37.33265080260622 35.929180126046106
276.0 36.41414580298792 34.79225347815875
277.0 35.778313498418406 33.87286907575738
278.0 34.96167285182663 33.0216287467921
279.0 34.37152075839992 32.420023417520774
280.0 33.75305053097811 31.831675710902058
281.0 33.196171008503434 31.413326474457858
282.0 32.40966716140602 31.244135940924885
283.0 31.85397703348602 30.609581352568014
284.0 31.39758068722065 30.49279085970254
285.0 31.07165457074186 30.211147771000437
286.0 30.821862516453145 29.585450185835796
287.0 30.763142394052643 28.98910596138901
288.0 30.344017570118613 27.973267976447275
289.0 29.666100129074547 27.632733082275205
290.0 28.871999066097178 27.1354962514095
291.0 28.202137915782558 26.636561758981017
292.0 27.662299338390444 26.493506129164697
293.0 27.09522293400363 26.150124888766534
294.0 26.631350041763497 25.96661746448451
295.0 26.32644962671473 26.016327241151924
296.0 26.058253230844745 25.898327148686313
297.0 25.72274881076951 25.73775830692352
298.0 25.318930760862386 25.27932646794744
299.0 24.80545259146817 24.793387695555445
300.0 24.414035264712034 24.553227255717832
301.0 24.088427632224683 24.46415720190783
302.0 23.756865093758176 24.349489177718667
303.0 23.258101056105804 24.23761223192145
304.0 23.058951085726193 23.995082581687715
305.0 23.259921909781642 23.833406631353963
306.0 23.244345009826137 23.858260406991892
307.0 23.0161474813294 23.967526789186174
308.0 22.595589293565006 23.962166478379956
309.0 22.49867323257991 24.324154877458025
310.0 22.451367327556135 24.43837003532932
311.0 22.034819423150154 24.189331064999244
312.0 21.62593964208876 23.8431697165983
313.0 21.54985352390428 23.50377964808218
314.0 21.469641908863746 23.437069995842737
315.0 21.22695311962631 23.255519566616083
316.0 21.17811621307158 22.9136739110637
317.0 21.32628199938991 22.707368719519884
318.0 21.337391757764465 22.677281105048923
319.0 21.362577816421233 22.81723876239139
320.0 21.470660868852004 22.507965315208722
321.0 21.663227969228373 22.151214947086917
322.0 21.793128205582914 21.73429469797955
323.0 21.571832167514906 21.15148561313491
324.0 21.35323759786492 20.92366701986065
325.0 21.202928166553804 21.053196286195675
326.0 21.082919022330664 20.80942445769601
327.0 20.796562764630075 20.505637706867507
328.0 20.530249799275538 20.56875882993232
329.0 20.70692181994033 20.877569226443505
330.0 21.004721740976628 20.88034491257927
331.0 20.88792658339699 20.820290478080537
332.0 20.951889329557098 20.593159536509187
333.0 21.069698175799445 20.3840968485828
334.0 21.179804694461623 20.136599973487435
335.0 21.1666935790277 19.730375152576908
336.0 21.202840435746808 19.402130982514898
337.0 20.909261171836 19.406496772700848
338.0 20.36660514298834 19.44154285210497
339.0 20.146191349848998 19.654929209253044
340.0 20.111874519485003 19.855997687778714
341.0 19.89492897736814 20.059836737653505
342.0 19.468803757284704 20.10911963195318
343.0 19.247046684070337 19.97544293026837
344.0 19.29182634201798 19.920700542179027
345.0 19.319841183251132 19.52222725637026
346.0 19.334688610325962 18.966291818853627
347.0 19.080805076658947 18.545010834724344
348.0 18.669916544483144 18.13259194006386
349.0 18.533456207696254 18.169242841021507
350.0 18.406776808740872 18.670168754248962
351.0 18.359371870005344 19.003668376945843
352.0 18.30811129044885 19.00252733748805
353.0 18.282706384936972 18.66014279263596
354.0 17.862620151311784 18.46300603466076
355.0 17.60836840416047 18.23332960960369
356.0 17.637157686492284 18.397975690151938
357.0 17.99484241599705 18.492998562116263
358.0 18.08432171512416 18.64266744188841
359.0 17.991038972253385 18.677879846229708
360.0 17.410123433624232 19.030461406788255
361.0 16.956537528577293 19.498283639790394
362.0 16.701557676422713 19.346962047985677
363.0 16.577171226128424 19.095974921073456
364.0 16.328803921956684 18.86827969836738
365.0 16.274907911935227 18.654549347808434
366.0 16.482674135465942 18.288859011613308
367.0 16.39104012572491 17.925145311596584
368.0 16.403825077962473 17.450076096567955
369.0 16.7352466318381 17.381195948499176
370.0 17.074691491324618 17.26322560737767
371.0 16.94680444535645 17.17986567944065
372.0 16.23132522595918 17.042959512651016
373.0 15.549289117964722 16.785410871850264
374.0 15.303094764940557 16.52493908637375
375.0 15.149827257970923 16.3471485876095
376.0 15.270504401165029 16.369049493479675
377.0 15.54974755731852 16.564775206858634
378.0 15.678336749590148 16.663974439803866
379.0 15.779975246482648 16.494802203236432
380.0 15.808960327291883 16.412758942635325
381.0 16.09494565378161 16.298824434883613
382.0 16.208547503682585 16.191835886011344
383.0 16.05663734015219 15.972688654307259
384.0 15.934439479460355 15.70020496080011
385.0 15.936563895141553 15.657774784261424
386.0 15.76864456293963 15.574915895648548
387.0 15.654914781183951 15.425408714253694
388.0 15.453557666299716 15.362285818299346
389.0 15.417972789012934 15.355277696003004
390.0 15.347242552510743 15.166060868071252
391.0 15.02775481159662 14.783185685163911
392.0 14.602660916090265 14.211466746765398
393.0 14.53668317894538 14.083449948661334
394.0 14.620459081301485 13.963139516413445
395.0 14.44602632405244 13.902926408263511
396.0 14.19273713095941 13.736683998636469
397.0 14.033039895180679 13.454021791492838
398.0 13.987917786361011 13.238402122162103
399.0 14.050564340130512 13.29143599935684
400.0 14.164266543853316 13.408561660042825
401.0 14.047028416453982 13.367447876704304
402.0 13.799911408049182 13.610173468739243
403.0 13.598634236139864 14.14992249663987
404.0 13.736308277046033 14.555933778712777
405.0 13.799217743323897 14.717382412692013
406.0 13.6522580949957 15.192064628471957
407.0 13.446022928015928 15.466528768217215
408.0 13.120457790041895 15.449633059468354
409.0 12.838407917098802 15.615955380298097
410.0 12.638021825741907 15.88803915462044
411.0 12.849903713170235 15.973178793592194
412.0 13.303127907485724 15.72368650978869
413.0 13.197144259741016 15.477123611402188
414.0 12.977229705383575 15.21211766709642
415.0 12.963698685132742 14.7461475352186
416.0 12.9589942972158 14.251474330669181
417.0 12.886490668107232 14.053454975297486
418.0 12.950143791541482 13.911813694810823
419.0 13.200395384249765 13.951265571187708
420.0 12.890610536346667 14.141985643262137
421.0 12.61546130690057 14.268562326704506
422.0 12.5853524443708 14.316968078764214
423.0 12.431930063633608 14.163713085808984
424.0 12.576983344615833 14.254855647684618
425.0 12.761248965409573 14.497775513897306
426.0 12.917216593479086 14.88450861980132
427.0 12.894528537949377 14.67798699881973
428.0 13.031779928284552 14.42986863373948
429.0 13.293137970807175 14.140685241089797
430.0 13.523325813112038 13.751489436863373
431.0 13.447928454698625 13.247110107228824
432.0 13.317979866599668 13.014112171908208
433.0 13.089633091874205 12.818445571822494
434.0 13.095490160497596 12.968804854122439
435.0 12.801686032838207 12.94997520408957
436.0 12.57082876399868 13.07999432573082
437.0 12.587414704636222 13.200371527490152
438.0 12.39042547792984 12.987974501980958
439.0 12.227265795476363 12.774993418245055
440.0 11.924514424156182 12.538291273258391
441.0 11.917559046979909 12.465362840320868
442.0 11.780591138364766 12.671754683493408
443.0 11.625404267438698 12.69616312874073
444.0 11.657776523613562 12.959107403055318
445.0 12.158241173526843 13.118615559335854
446.0 12.347180097683207 13.072129834556407
447.0 12.409216969834649 12.570598784995571
448.0 12.614218036710966 12.417359465484045
449.0 12.94738630113973 12.446916881127915
450.0 12.984950757076486 12.698279739036048
451.0 12.912001818628736 12.961744273021786
452.0 12.48956509306325 13.246507723649806
453.0 11.969324972032549 13.352680855857493
454.0 11.76633891431659 13.288208024321785
455.0 11.600680653245904 13.209580309337381
456.0 11.402274920013964 13.38166873691027
457.0 11.104152667685687 13.895387051143645
458.0 10.771816439423525 14.257569880981272
459.0 10.815880769377996 14.212255238023907
460.0 11.002902024818894 13.948100809033239
461.0 11.256506205124937 13.683145897138292
462.0 11.572457131942233 13.45268478000004
463.0 11.603546265280405 13.028277770849092
464.0 11.779473231507772 12.87465211981473
465.0 12.094402269894072 12.915837263077849
466.0 12.054534244820097 13.131286401267314
467.0 11.82324041157149 13.372856112279372
468.0 11.727287451147136 13.49694934969893
469.0 11.726875680251927 13.173837850397785
470.0 11.579115676371432 12.708855066603226
471.0 11.548953764661608 12.427438919503247
472.0 11.52804442776386 12.382930273922785
473.0 11.38931277507337 12.249288163308254
474.0 11.166864993865952 12.313546582631552
475.0 11.01725753832945 12.00260287943037
476.0 10.870693498739541 11.809745505057926
477.0 10.657061594329928 11.949452023947169
478.0 10.397511270695178 12.020599028472478
479.0 10.401088825404994 12.063688599518159
480.0 10.49468709315667 12.110939203452899
481.0 10.396820657584 12.02567332598724
482.0 10.322364424417257 11.535364423836706
483.0 10.50907144490361 10.755556018022007
484.0 10.64248044825289 10.149818907947976
485.0 10.718311471499346 9.90476802425287
486.0 10.84369089763677 9.754345964940518
487.0 11.03227595357187 9.484616137367277
488.0 11.074294953147607 9.212593846689698
489.0 10.783224783853072 9.51364694604118
490.0 10.491738621630407 9.882144245931674
491.0 10.385743730615806 10.22233220328688
492.0 10.33711500030229 10.404595302325859
493.0 10.111829296430365 10.451867337761293
494.0 10.253294643844365 10.424367968638494
495.0 10.741044530784235 10.26760902962458
496.0 11.232228951354701 10.35196462367025
497.0 11.492309014044919 10.479699957312256
498.0 11.457388390044478 10.310691626786449
499.0 11.1656835792661 10.315743218361636
500.0 10.718086429627107 10.317332507286135
