ns "trace A [ADC]" "trace B [ADC]"
-500.0 0.2391784441844252 0.07041720178619017
-499.0 0.15722745278233013 -0.14000026548711594
-498.0 2.8348775549695838e-05 -0.025310273327161664
-497.0 0.013333519200100038 -0.05951779929157475
-496.0 0.04321169514398037 -0.33969253280642603
-495.0 0.050854951726946186 -0.24968144263070552
-494.0 0.006400027045215789 -0.27104294441003707
-493.0 0.03673039028040776 -0.2023050969866639
-492.0 0.0012392572647932356 -0.1302740596560251
-491.0 -0.15929252783417056 -0.19492074587175862
-490.0 0.047778167592307456 -0.11258430079926166
-489.0 0.06814018704418967 -0.30694177269208167
-488.0 0.014591207871648412 -0.2414826503854375
-487.0 -0.0622480481641268 -0.19613448447854728
-486.0 -0.20042822635980734 -0.26779423129082
-485.0 -0.1274035908585897 -0.11100188916548631
-484.0 -0.09357574623031707 -0.2971371198565306
-483.0 -0.146100837160701 -0.2176450882822986
-482.0 -0.18573637090178857 -0.1525980243882699
-481.0 -0.13477372161635015 -0.11094225231171717
-480.0 -0.06404876951413052 -0.0778767914588634
-479.0 -0.20354682350646094 -0.145048334134319
-478.0 -0.26642586731721707 -0.024999893093238412
-477.0 -0.08979548221748145 -0.06799461467228958
-476.0 -0.13435246981765558 -0.012676185966878074
-475.0 -0.037744376635291246 0.27099862462867624
-474.0 -0.1052187673124035 0.04439318962895648
-473.0 0.0257135468778998 0.07253726304061578
-472.0 -0.0008474393561965199 0.29751241778972787
-471.0 -0.12458889930572653 0.17234373908643477
-470.0 0.005191118822582667 0.2680372323035599
-469.0 -0.010590942017625324 0.3088107401002479
-468.0 0.034952262031867326 0.36136668521679094
-467.0 0.045054246512088614 0.33024886435298145
-466.0 0.014438691515974381 0.13158098137387883
-465.0 0.028288809262889573 0.20841102964935
-464.0 -0.09967110003891456 0.29656781045767605
-463.0 -0.002388532911300963 0.3039338454718865
-462.0 0.13200677771725872 0.26391818726073707
-461.0 -0.061402668056161486 0.06405268040938407
-460.0 -0.06641623367109742 0.1059833980709127
-459.0 -0.06428859227519315 -0.05432992026420664
-458.0 -0.07808325250047664 -0.0469323926648021
-457.0 -0.021683098711232234 0.20228983024375516
-456.0 -0.01377990312359354 0.1623039206444216
-455.0 0.19780381761919535 0.03211915578844946
-454.0 0.10251379787062 -0.04739625555876538
-453.0 -0.03325540177120886 0.043936078988456764
-452.0 -0.093777757118324 0.032056018867348206
-451.0 -0.02938462138089409 -0.19893120033356965
-450.0 0.21816189426530447 -0.011349986765325412
-449.0 0.1272807625777942 -0.05681075497925183
-448.0 0.02407505721914178 -0.1030405161301619
-447.0 -0.003391005249329 -0.0035729659030750397
-446.0 -0.04533760370739786 -0.13203604951280998
-445.0 0.04490568621457032 0.13004038402942114
-444.0 0.10858604609671567 -0.016126203356696175
-443.0 0.07360409151417384 -0.10018544521045537
-442.0 -0.03136453116763906 -0.050818268525700615
-441.0 -0.06001481108594625 0.009058285019650237
-440.0 0.05228400805889805 0.0788067437083273
-439.0 0.041385880186884334 -0.11814539668541543
-438.0 0.1372607739668556 0.03907370456901128
-437.0 0.19288309416815597 0.009077575620448768
-436.0 0.07251586833119328 -0.17767089244082024
-435.0 0.1773566330531944 -0.016736948790780845
-434.0 0.19710646900908738 0.1073074064243979
-433.0 0.3071304300361993 0.27913698483087807
-432.0 0.3559776097406673 0.1893007877750833
-431.0 0.1667657557049573 0.09935479875252223
-430.0 0.19086812750515356 0.18666695794853605
-429.0 0.09116751609215691 -0.061313531021419974
-428.0 0.2298962384225843 0.09293538576845778
-427.0 0.22172847325168343 0.21865464823380926
-426.0 0.21421551247848938 0.2760111451987049
-425.0 0.20186911893741172 0.20869449995249034
-424.0 -0.04026917143253552 0.02634916774268947
-423.0 -0.09757313470053662 0.047988158490193195
-422.0 -0.007757174391138258 0.19479736501154715
-421.0 0.016796442240340985 0.06928137496893053
-420.0 0.20796362406222443 0.1640437035715777
-419.0 -0.06359825428854265 0.08980541249483817
-418.0 -0.09500249611496867 0.06629568946771794
-417.0 0.08920526644227618 -0.010906069324038838
-416.0 0.009057359688925253 -0.04185229523800209
-415.0 0.016511015301836324 0.09214487235650176
-414.0 0.01780531450670504 -0.13609578382668105
-413.0 0.027025698678391667 -0.17488303937867866
-412.0 -0.24956548352983268 -0.18724819387484576
-411.0 -0.3986732791226554 -0.18493715345338707
-410.0 -0.16080315857802224 -0.01727809957394038
-409.0 -0.08127093597451047 -0.12990915852085574
-408.0 -0.17166410426286924 -0.012932669243462269
-407.0 -0.28211519863137113 -0.0917240357558139
-406.0 -0.22629225657578983 -0.2944442636651351
-405.0 -0.14463864190681078 -0.20352488319226086
-404.0 -0.3149185120816941 -0.213478654231592
-403.0 -0.30680333222766826 0.029221676975848272
-402.0 -0.21355742585226709 -0.09233363385542899
-401.0 -0.32186846245878464 -0.2711593869574495
-400.0 -0.2456531674154644 -0.2900843091492961
-399.0 -0.3349801839074955 -0.2889180650458568
-398.0 -0.29393007688806566 -0.037985184700706866
-397.0 -0.283403677923886 -0.06333772924193308
-396.0 -0.08649008882610532 -0.10349906356562988
-395.0 0.028236680363076173 0.048672495527488535
-394.0 -0.02146008248470197 -0.007038218712278269
-393.0 -0.022746150232242014 0.08270777216150761
-392.0 0.013774898783424291 0.3092178912016841
-391.0 0.10513437276240833 0.1319840875054173
-390.0 0.21521911600931026 0.25361529443253406
-389.0 0.15484322427676944 0.22697363470030713
-388.0 0.2608991962377836 0.33919115336056455
-387.0 0.4042416593018381 0.3447430883466369
-386.0 0.30278865906689145 0.26559100049195566
-385.0 0.2922145561294788 0.44532448471370023
-384.0 0.2118242265548074 0.276792673778748
-383.0 0.1979809060023966 0.3165715077743741
-382.0 0.18633790074654202 0.31694397400771723
-381.0 0.09465853779511936 0.3284695395372854
-380.0 0.3046945691994665 0.4456727924299821
-379.0 0.33083270021464956 0.30235935869987446
-378.0 0.3334130043906256 0.24144448799855767
-377.0 0.3577136817709759 0.29117320942964137
-376.0 0.4158706697912118 0.11689092625211804
-375.0 0.34745312151892405 0.34695014570735383
-374.0 0.23092576464635592 0.3110930651636895
-373.0 0.3550397836984522 0.27966140436254056
-372.0 0.4577665632101631 0.12668330736532676
-371.0 0.3071990616684064 0.019028730135479534
-370.0 0.2025390809836431 0.17293088510842516
-369.0 0.25252405844051223 0.06479667725127523
-368.0 0.28427822227604177 0.10801331924666167
-367.0 0.22988305554897925 -0.007801848917403346
-366.0 0.11236471012043002 -0.11639316334911981
-365.0 0.10354608152623813 -0.0993593791549165
-364.0 -0.1139882400081977 -0.22492619490624194
-363.0 -0.16080065911389127 -0.12454194410781051
-362.0 -0.11477321609977678 -0.06015953008448258
-361.0 -0.04092010184526619 -0.27444501012070804
-360.0 -0.03582036332320013 -0.23699481851356813
-359.0 -0.2147541875783081 -0.3283367151483323
-358.0 -0.1147774004719644 -0.26935917503339696
-357.0 0.03603597399883845 -0.3154383254233002
-356.0 -0.00645792189191147 -0.3061681135248001
-355.0 0.14676964173632268 -0.08211020243304211
-354.0 0.01039080059762755 -0.08137168313639252
-353.0 -0.021130420698233017 -0.08518756323559928
-352.0 0.03715629529751432 -0.03307876021140957
-351.0 0.025478311774022336 -0.059430051927607384
-350.0 0.16383360953233614 0.1427141433254046
-349.0 0.09414033490670089 0.09114374664455988
-348.0 0.10310556568009621 0.1781110322605458
-347.0 0.11514632267142116 0.22527994009249247
-346.0 -0.0016203374056919103 -0.010940733019333605
-345.0 -0.17557528590547328 0.19485112783321984
-344.0 -0.24963210875674452 0.2400713684910779
-343.0 -0.15520512363516772 0.23871935233076683
-342.0 -0.1585561936338274 0.1004261942006927
-341.0 -0.11968299070684767 0.10427999400553979
-340.0 -0.09045474215439345 0.2638480022945487
-339.0 -0.07781946874234298 0.22546898749798283
-338.0 -0.09012698633838036 0.18660412670684037
-337.0 -0.13421626432786748 0.24073428073690634
-336.0 -0.18208665211463426 0.15484044528928226
-335.0 0.034431358995182106 0.1796948828164941
-334.0 0.07432844935534347 0.06745635909145803
-333.0 -0.07016672690241423 0.25468266495870656
-332.0 -0.06522566382893884 0.34542226554700584
-331.0 0.01129589782141669 0.14267971134804408
-330.0 0.06559972108979537 0.34280678758630984
-329.0 0.02991020812573666 0.3025224338931194
-328.0 0.006732908848490965 0.20472421559170928
-327.0 0.015524787732200389 0.1189903903461051
-326.0 -0.2125992325504443 0.002587029063717674
-325.0 -0.09876329902099269 0.14979297083899018
-324.0 -0.1634008329926542 -0.07025272347088442
-323.0 -0.013924094825129107 -0.07961467501969428
-322.0 -0.04304326167591668 -0.0008687028972270046
-321.0 -0.10228762646131967 -0.04446010081965487
-320.0 -0.04975912249661223 0.02347867261895317
-319.0 -0.12416400316717502 -0.021202290915658364
-318.0 -0.02707750366965366 0.049886388065408495
-317.0 0.16104613634960074 0.1368346425561046
-316.0 0.29988387453015736 0.08354987855741507
-315.0 0.30024930256075866 0.09895228027145367
-314.0 0.06956377381250324 0.07496751889648029
-313.0 0.27933645232198007 0.27517864961757293
-312.0 0.5160036896563119 0.2352705003991886
-311.0 0.47692796456293857 0.14747080432862736
-310.0 0.5654427188792656 0.30945262135402757
-309.0 0.4562346486647249 0.10237968193256995
-308.0 0.45109274127760296 0.0376629740863909
-307.0 0.45327506195998624 0.20634224836485093
-306.0 0.5018197807994479 0.24017910856765093
-305.0 0.8480025209788332 0.3353767847289901
-304.0 0.8104040156651328 0.11714524232621637
-303.0 0.5376456288475239 0.06498818850334367
-302.0 0.4107269356033749 0.12788856857301303
-301.0 0.3893074041639903 0.10297561414081584
-300.0 0.5878578249186726 0.33425940904525214
-299.0 0.5211297739876887 0.3517548388182521
-298.0 0.642236714623547 0.3838142851163448
-297.0 0.6484662784021862 0.27336363178412854
-296.0 0.4137569213056222 0.24440796107802776
-295.0 0.449487789202864 0.6050173083210584
-294.0 0.5470726305101222 0.5578442974050336
-293.0 0.6437446204475278 0.6028916959757962
-292.0 0.5296038334019757 0.770186346285574
-291.0 0.3182398029538496 0.5118918354073816
-290.0 0.2943667941553326 0.526525817509134
-289.0 0.1885914026490045 0.4414512017333634
-288.0 0.2347850298319343 0.5877656949002055
-287.0 0.28410550424795766 0.7685680396610214
-286.0 0.16950597544461893 0.5379243985837782
-285.0 0.047715958500634315 0.5807496188909909
-284.0 -0.13464623608925777 0.5634464910365806
-283.0 -0.03689897680501031 0.6025596847731958
-282.0 0.1627627459944265 0.6103598052426168
-281.0 0.09129241069578403 0.4002856113252274
-280.0 0.07483020207446361 0.42160095050049584
-279.0 -0.17554495217341626 0.29100732947135555
-278.0 -0.10550926782967462 0.3861383642004443
-277.0 0.030824494485444765 0.488195520610361
-276.0 0.2690226838468151 0.4325083499361454
-275.0 0.41909008273060727 0.4405535693650645
-274.0 0.2582317896575533 0.3205783676837731
-273.0 0.16624522336043085 0.3542472462785534
-272.0 0.2240596466282077 0.44742469543208585
-271.0 0.47918487620997896 0.4221549041281904
-270.0 0.8057623392874416 0.6990103735238709
-269.0 0.8103670495241111 0.7890826515022772
-268.0 0.7090125176406273 0.878190166690752
-267.0 0.5921113636443607 0.6527345370146084
-266.0 0.4899460925793962 0.5825160118045906
-265.0 0.6974625008691842 0.8781889572920091
-264.0 0.9092305395268936 0.8840337556831227
-263.0 1.0343005685459041 0.8277592193945827
-262.0 0.9140927628677561 0.8552484311697759
-261.0 0.7820489524515207 0.9778147504245673
-260.0 0.8161350515545678 1.0030920804286771
-259.0 0.9731020521093318 0.8853974562668342
-258.0 1.09363067343863 1.0384436062977405
-257.0 1.070668505094384 1.052683986821753
-256.0 0.9992958285846554 1.0687296338238674
-255.0 1.0478458465237095 1.1690724603010794
-254.0 1.0425776197190963 1.1665008092459344
-253.0 1.1317305125340156 1.4332153300230723
-252.0 1.1241605362561804 1.5154405736866103
-251.0 0.9879790108378612 1.4815949431900113
-250.0 1.0734561812705983 1.5942210088860347
-249.0 0.98302551890753 1.4607351846084116
-248.0 1.1631085591972437 1.5468427325541254
-247.0 1.115207411116366 1.5247308444267764
-246.0 1.0454319233892753 1.5937147187096325
-245.0 1.1008356445448049 1.6211833900675456
-244.0 0.8336818308956558 1.45606238013855
-243.0 0.8896780544675235 1.609346623657374
-242.0 1.0649778960430223 1.6228573235207682
-241.0 1.0402223466822913 1.4433422267302742
-240.0 1.1070889206679753 1.4380403784055134
-239.0 1.035722049398573 1.3072144848950316
-238.0 0.8729046023527081 1.3254954643323025
-237.0 1.0084268279970667 1.2615331897388788
-236.0 0.8863845972471277 1.267894621953326
-235.0 0.9733169464579301 1.3978998799420705
-234.0 0.978415063319092 1.198419099893996
-233.0 0.9416972382320303 1.1503857976408067
-232.0 0.7471612358405 1.1245849903826117
-231.0 0.7850847830258407 0.9668900242491788
-230.0 0.9774283619584208 1.013318148206051
-229.0 1.17935636918661 0.9433194650787966
-228.0 1.210390169149076 1.1403270748797438
-227.0 1.0813196127512588 1.2147937368162958
-226.0 1.0470896565109475 1.0614006735434036
-225.0 1.1158851662398706 1.2086726862869737
-224.0 0.9901218906252682 1.226922432102489
-223.0 1.1186496188997905 1.4915440471460446
-222.0 1.2264770946283388 1.6564961988970968
-221.0 1.2075712684574753 1.6072981090238871
-220.0 1.1804384866245423 1.7348425296059622
-219.0 1.1407137740031728 1.628727959609724
-218.0 1.1718868980279231 1.5612528796237053
-217.0 1.0378701143620221 1.7129045292260805
-216.0 1.0441852948402148 2.0145183100051107
-215.0 1.218069582153203 2.110160027136361
-214.0 1.2035236597150205 1.7394814916019257
-213.0 1.198009011844991 1.7591471923177286
-212.0 1.0850989732205962 1.78560936514968
-211.0 1.0344402824105332 1.5305707628607157
-210.0 1.165850856208916 1.6268667501634673
-209.0 1.104725648929567 1.6339711395225354
-208.0 1.140287142495036 1.6571664647699327
-207.0 1.2712812430824543 1.6216934876906255
-206.0 1.1371457705358898 1.5162265541854534
-205.0 1.1399774089111638 1.6853340900607046
-204.0 1.0317420650694555 1.6030805203315144
-203.0 1.0183545877744946 1.5798338334420914
-202.0 0.9091352638995961 1.5707911637709504
-201.0 0.7380871619706255 1.6001636937328139
-200.0 0.8560287405860768 1.72071997311217
-199.0 0.8810548084492881 1.4983085413017063
-198.0 1.0491288839293569 1.61200694994319
-197.0 1.0770200890364976 1.5972424733262154
-196.0 1.0805713091216158 1.4740466508882084
-195.0 1.0287198910412594 1.543949931067099
-194.0 0.8474634021019898 1.3357633649802454
-193.0 0.773779692384442 1.3947076391473443
-192.0 0.8250426647313382 1.3759236140067774
-191.0 0.8943621917849559 1.152815646244637
-190.0 1.0362873593617155 1.231630604025243
-189.0 1.063057968233256 1.1212379417180065
-188.0 1.0659392995685546 1.3100510663668439
-187.0 1.1232273988073096 1.377427461152278
-186.0 1.0725234629250582 1.3167495623121146
-185.0 1.2659344275514637 1.3963303916065533
-184.0 1.2704302560013754 1.1741575319564173
-183.0 1.2012300072325601 1.1122544127344316
-182.0 1.1733191589881118 1.1535849850944877
-181.0 0.9550699668533444 0.9522283704668565
-180.0 1.1412264514011081 0.9904621279311295
-179.0 1.1379453273209725 1.0868978472214466
-178.0 1.0550048067370479 1.1553576949083109
-177.0 0.884524304883972 0.9928086068544878
-176.0 0.8062632285604876 0.8471520044610416
-175.0 0.8218868319411454 1.0004470596640649
-174.0 0.7192471458856986 0.7700911690761099
-173.0 0.8371875966515087 0.6601666786695815
-172.0 0.7822734743410248 0.6596172239536117
-171.0 0.6539309936152056 0.44060755152148073
-170.0 0.5144978443871991 0.5847331456212606
-169.0 0.48315577355139955 0.6269260363254571
-168.0 0.5916602078864738 0.8307188608264942
-167.0 0.6305241290246996 1.15927011058112
-166.0 0.6411426462213836 1.0759604203923008
-165.0 0.6893010476977838 1.1265004336880566
-164.0 0.5466223473376166 1.1557752183034244
-163.0 0.6920393391208064 1.511378981391212
-162.0 0.9160846962215304 1.4578056620584434
-161.0 0.9192015492708288 1.229059259584668
-160.0 0.8333822676883178 1.1273044927713973
-159.0 0.5920620883178651 0.5533672447555281
-158.0 0.3603344592514663 0.576588579852296
-157.0 0.28858595164136885 0.9901211382243129
-156.0 0.36780255426358616 1.3442240160195844
-155.0 0.5862748799805745 1.5771831141799093
-154.0 0.6903472372928914 1.3599042151658094
-153.0 0.7034846165011839 1.3164610216919188
-152.0 0.7172790662135273 1.2966582792770216
-151.0 0.9185032564743106 1.3223708594400496
-150.0 1.81639439365696 2.0917120530494766
-149.0 3.2206167044976124 3.3766522316870278
-148.0 5.707055891211729 5.8067261305164655
-147.0 9.60548858023965 10.161405226597786
-146.0 14.624953578946302 16.39268852807389
-145.0 21.28719208456489 24.524916559655026
-144.0 29.02161167583416 33.8656173993573
-143.0 38.20276067337363 44.472038733778454
-142.0 48.62758793547886 56.19073623851748
-141.0 60.04582127421691 68.57952209060652
-140.0 71.90158653740856 81.85123180614407
-139.0 83.21998238768886 94.21510519392449
-138.0 93.3498952386952 105.78756999719228
-137.0 101.02233266526945 115.6023042369806
-136.0 106.40017411177827 122.45992420817561
-135.0 109.6434871473403 126.48493544951214
-134.0 110.947647611812 127.37586888952156
-133.0 111.43196436842341 127.01846409913199
-132.0 111.10690510503818 125.44007382600456
-131.0 110.49643255881293 123.50262921744958
-130.0 109.81095459351165 121.7799819014288
-129.0 109.44485582972877 120.08928319979677
-128.0 108.98238803399336 118.97772384758409
-127.0 109.07984200458762 118.85645621080963
-126.0 109.66294715797252 119.43119683734653
-125.0 111.25688713717868 121.35275451098668
-124.0 113.16230963833274 123.79563944996806
-123.0 115.73232496815515 127.75060213780066
-122.0 119.23997576938754 132.43077958414472
-121.0 123.21021426856798 137.40431309284264
-120.0 127.20278524068877 141.9915771665323
-119.0 130.33181081051305 145.50898256570522
-118.0 133.25792890468142 148.43165562873875
-117.0 135.75553127950147 151.38693608667964
-116.0 137.17029861771704 154.17086336075914
-115.0 137.24311292847943 155.37004956414648
-114.0 136.45752141253837 154.21202387007196
-113.0 135.72686361813084 153.3745852811815
-112.0 134.69346105784555 152.6096824901489
-111.0 134.08524924111262 151.92075698480355
-110.0 133.79943155149695 151.36337655451635
-109.0 133.3356701915547 151.43620439899627
-108.0 133.12561672166078 151.78961904148235
-107.0 133.1056083685961 151.56425214080662
-106.0 132.85958402585305 151.4874949624377
-105.0 132.18048015083335 152.1423581271456
-104.0 131.99114537683565 152.7008647582585
-103.0 132.45303128301768 153.74636960695798
-102.0 133.78886438470838 155.14939475810675
-101.0 135.28564056954994 156.58173200151606
-100.0 137.58751748755003 158.52008834882875
-99.0 140.34635079392066 161.4326153758274
-98.0 144.13554952287032 166.70151175970594
-97.0 149.16278565500667 173.52453760471042
-96.0 156.40620285305937 181.9013051364669
-95.0 165.37893727981066 192.9559386130729
-94.0 175.63857962161973 204.999105251392
-93.0 187.58154323105242 218.02532933036045
-92.0 200.56965955865596 232.98184819347037
-91.0 213.92240402830208 249.34276150966292
-90.0 228.5449677559589 266.03150746569156
-89.0 242.99367233378956 281.0497534321189
-88.0 255.78226686575275 295.96896021503926
-87.0 266.60823971590173 308.51742479905766
-86.0 276.2616620057047 317.54826364385394
-85.0 284.3802828681567 324.3448205612765
-84.0 290.6037103739161 330.6553438035884
-83.0 295.17561251673146 336.3402241513784
-82.0 299.1544948276764 340.24200128690427
-81.0 302.93411839016835 344.44650181531085
-80.0 305.8922821795402 349.0830575333965
-79.0 308.32634365777034 352.9328793191943
-78.0 311.35299288582996 356.3175325130842
-77.0 315.84238454281723 361.9472553108085
-76.0 320.20421838034196 368.57743049397146
-75.0 325.08730934881595 374.087754606112
-74.0 330.1736136460275 379.2308735749232
-73.0 335.09139875163874 385.0320953248057
-72.0 339.0543116126026 390.43997741475584
-71.0 343.34248737626007 396.28507631509706
-70.0 347.50485040124306 402.73439526260717
-69.0 351.56759460302743 407.9323577097258
-68.0 355.7249362841677 412.73883334437284
-67.0 361.0018628461761 417.4175259624739
-66.0 366.2503733069551 421.0542343034721
-65.0 369.90348852308716 423.86232043819876
-64.0 372.2608513486238 426.03182847030814
-63.0 373.0067509689481 428.0327828853763
-62.0 374.58496373478505 430.48208305459264
-61.0 377.56821948955076 433.9252348742575
-60.0 380.72514184895164 437.7373109204339
-59.0 382.24870804484686 438.7119742794715
-58.0 383.54902424775423 438.6457888080971
-57.0 385.5942691698847 440.3085648610796
-56.0 387.7468997747422 443.03876062547664
-55.0 389.0224726091524 444.8130248318441
-54.0 390.24981334998415 446.31742573731685
-53.0 391.6481918136371 449.05968952845194
-52.0 393.3559126339771 451.6806957250951
-51.0 395.512452370049 453.81301057165575
-50.0 401.2644358955291 458.68822309090706
-49.0 408.4805945155459 465.39197418648075
-48.0 415.84995718512 474.0962699126234
-47.0 422.99031899964325 484.8051684504414
-46.0 433.90670316365896 497.9597387783124
-45.0 447.461940568756 513.6945629189728
-44.0 462.71109729215806 532.3613236917989
-43.0 481.3577571064218 556.1060189096387
-42.0 503.89933446833294 583.1384432697196
-41.0 529.3751760272056 614.7911934558681
-40.0 558.4497858997996 651.1620722588241
-39.0 591.7720772212432 690.8272781496684
-38.0 628.7364794677582 733.2478949388952
-37.0 667.371116764325 777.8416005557983
-36.0 707.2170252040825 821.7177590271601
-35.0 749.1629861210383 865.3313154823725
-34.0 792.7665852942627 911.54633674688
-33.0 835.0731227350283 960.6473972307805
-32.0 876.819833766327 1010.8173212984755
-31.0 920.4813306539306 1062.6816048983815
-30.0 965.5798899747433 1116.7874419641971
-29.0 1014.5232965372136 1171.0181222817068
-28.0 1062.8763140397762 1226.774876123749
-27.0 1113.4587433082875 1286.394076720263
-26.0 1167.3554222576531 1349.590104538347
-25.0 1224.0066295735933 1418.2321464966376
-24.0 1284.969409043572 1489.6060583044257
-23.0 1349.477882038061 1563.1305518148592
-22.0 1417.3307099269778 1640.3571313597713
-21.0 1485.5647897868046 1722.6820214322006
-20.0 1554.352523778928 1805.4611167090357
-19.0 1624.8807273217878 1888.2331862338874
-18.0 1696.7059561996248 1972.9287785042081
-17.0 1769.7873088122362 2061.4810958857797
-16.0 1841.5766977066392 2147.876446050507
-15.0 1909.44135419881 2230.72638484916
-14.0 1973.834233804287 2312.295423223792
-13.0 2034.188346761393 2389.1451996434207
-12.0 2089.673801051712 2455.187920430675
-11.0 2141.5548201743068 2511.61713909225
-10.0 2189.081398029367 2560.8721135924925
-9.0 2231.3771743918837 2603.3321952659026
-8.0 2265.1851753522187 2635.3205217566124
-7.0 2291.1573452937346 2660.0264454779085
-6.0 2309.47450699414 2676.889842724666
-5.0 2316.3987686575206 2684.3264538374674
-4.0 2316.737374713603 2680.340790020332
-3.0 2309.75359043661 2669.7621922913536
-2.0 2293.804346768065 2653.742279703672
-1.0 2270.0381171621425 2630.7071148954997
0.0 2243.6572049407364 2599.366800190728
1.0 2214.438094348673 2559.469670570441
2.0 2178.675522656233 2511.3570575772587
3.0 2136.2778933676295 2460.165859289887
4.0 2089.5197480796905 2406.1631400716547
5.0 2037.8292648034142 2346.3034061530375
6.0 1983.0585106180915 2275.93937572336
7.0 1923.0013169144179 2201.113344451437
8.0 1861.5827882351493 2125.8284141495915
9.0 1800.0890628293805 2049.375547466321
10.0 1736.259435369216 1969.8310020963331
11.0 1670.3805258281038 1889.5405972278993
12.0 1606.1882874923283 1810.607852105644
13.0 1544.333270585547 1733.9918346541654
14.0 1483.726252832493 1660.733911188552
15.0 1423.9157331433935 1590.973036925045
16.0 1368.2853929508963 1522.042073849645
17.0 1315.841714305181 1459.002555409302
18.0 1266.2006817461424 1401.543895936825
19.0 1220.9329608786404 1349.0989558464923
20.0 1179.4516514653587 1300.4932858392692
21.0 1141.9526582549347 1254.7781312599225
22.0 1105.8733313538316 1212.9622796560466
23.0 1070.986815903119 1172.2559506279053
24.0 1038.247486905033 1132.7342604484588
25.0 1006.5579267642296 1094.7797477827992
26.0 976.6481495844962 1059.0078738844559
27.0 948.3851195498435 1023.9581925658402
28.0 923.3678237151141 990.5859709671125
29.0 899.8469762921903 960.3569434933819
30.0 876.3886774307725 934.0347627409545
31.0 855.7009779219533 910.3328716878773
32.0 837.0025402320629 888.6800790767583
33.0 818.6026666141968 868.8571879976145
34.0 802.6567470095235 850.4819581323895
35.0 788.3224654179561 833.3675075946524
36.0 775.21519264797 816.028304454919
37.0 763.7178647582574 800.3009653811084
38.0 752.8580427134073 785.7698169278015
39.0 742.4174906430547 771.9685640413101
40.0 732.9888289430195 757.218059357329
41.0 724.757811527945 742.7788976355629
42.0 716.3399889462315 728.1677425230583
43.0 706.7091548679795 714.276886446954
44.0 696.1769170780143 701.3190438367185
45.0 686.2100936901915 689.2095231769853
46.0 678.3563565867915 677.1583842247663
47.0 673.2778476493462 668.9277050958418
48.0 668.5951141872421 662.5677232505193
49.0 664.0650492498779 654.989092851707
50.0 659.7624908054404 647.2432474382782
51.0 657.1679309715832 641.6489762225693
52.0 655.0562443960296 638.4870528347908
53.0 653.1536977850252 635.3953017498476
54.0 652.5101117452765 632.4849768580773
55.0 653.1284862261128 630.0168777215647
56.0 653.6998434184663 627.5617186332453
57.0 654.7190124599709 625.6410379072989
58.0 656.3606944240519 626.8068058809071
59.0 656.2552061871897 628.0389384817404
60.0 654.4319581574687 625.276842960797
61.0 650.159057732962 618.4325582610286
62.0 642.9936564105216 611.0535056879437
63.0 632.1202000806993 601.8910019648071
64.0 617.3658865375648 589.0819486044743
65.0 598.3502734478509 574.5123279018123
66.0 574.5676597505249 555.3135618454903
67.0 547.3655254671863 531.6818730582557
68.0 516.9886470781609 504.8432555509598
69.0 484.2019460839285 475.6323633745243
70.0 451.01669225361655 444.58998630901107
71.0 417.21419932329 412.0829001434668
72.0 384.06947184091945 380.0416840370547
73.0 352.56568113662297 350.1283515179155
74.0 323.5231511894079 322.32353923808387
75.0 297.7301558771999 297.7249122503491
76.0 275.00209299143273 275.89399358856207
77.0 255.48928623834107 256.9725622418628
78.0 238.8271055905915 240.70979461230615
79.0 224.53134041243123 227.77820097882204
80.0 212.7111001375062 217.0574129982089
81.0 202.50202540535827 207.08634318415605
82.0 193.2138258534559 198.359668157033
83.0 184.9088866776983 191.0591367705234
84.0 177.39166742547644 184.5959989252882
85.0 170.61117481757304 179.5888708544205
86.0 164.74423186857092 174.74361470439388
87.0 159.35796162379998 170.133794129339
88.0 154.43419584471457 165.2048083312853
89.0 149.84907326191123 159.36444405193225
90.0 146.08946525189273 155.33608215274705
91.0 142.208140506121 151.84882759672354
92.0 138.89768144801917 148.28373307339805
93.0 136.47044145354192 144.64933722258334
94.0 133.91935726912757 141.94568248738022
95.0 130.56478760662236 139.2516821551532
96.0 126.31256242683895 136.06568099788367
97.0 123.24641200289086 133.07525641275504
98.0 121.13184285957655 130.3316924100249
99.0 118.96207123067795 127.28632540903038
100.0 116.58916351076984 124.74856305703837
101.0 114.24087954998907 121.96842706528166
102.0 112.36884734914082 119.71721623795372
103.0 110.25973917827011 117.65342611874323
104.0 107.74442203877305 115.3152312376242
105.0 105.41022719735291 113.08164425797422
106.0 103.58929714944536 110.60331654596038
107.0 101.90268458376855 108.49428218488079
108.0 100.17510941806218 106.15295655979273
109.0 98.14494145073564 103.57286652025928
110.0 96.28289780432047 101.17516753421388
111.0 93.83367493919442 98.53152084503606
112.0 91.52599904038377 95.84046248122598
113.0 89.5488094982342 93.61277041588905
114.0 86.95744991903187 91.8033508341437
115.0 84.41126925375922 89.60675477908615
116.0 82.04622486380536 86.79922655982362
117.0 80.03721607518148 83.97250150711048
118.0 77.78643282473713 81.5002571285486
119.0 75.58786783295295 78.80152621354864
120.0 73.67631411750102 76.77702983328494
121.0 71.38850627338347 74.80519492764111
122.0 68.9754320731049 73.09981305029825
123.0 66.97876433639057 71.36594888051427
124.0 64.83055529292709 68.97528016333825
125.0 62.503501182933704 66.3270541015112
126.0 60.036519942211605 62.97458440383984
127.0 57.60706849746176 60.1444928490331
128.0 55.56565902661129 58.14447722229468
129.0 53.796845065789434 56.06449356092678
130.0 52.41836410086237 54.073644403865785
131.0 50.556101036661666 52.19321917358441
132.0 49.28431525503655 50.937332055591426
133.0 48.01174732664086 49.57034238379733
134.0 46.887426399196436 47.82510483035609
135.0 45.677756484069064 46.15824733722083
136.0 44.509902692676306 44.3189615317229
137.0 43.26662185855673 42.93601460603239
138.0 42.15991309973855 41.58664727738483
139.0 40.77425118331357 40.23936299711887
140.0 39.77827500078698 39.49422765925308
141.0 39.01789555457414 39.01342866999709
142.0 38.90794113079015 38.833125417872935
143.0 38.99509108189706 38.05385057436488
144.0 38.71910796435291 37.35346609556426
145.0 38.598666085406556 37.13437723509719
146.0 38.554819356337056 36.825149769363634
147.0 38.56353885442032 36.868399789074665
148.0 38.26553427759732 37.216515100253424
149.0 37.94712169041073 37.425103979773134
150.0 37.765412181046386 37.60451073334508
151.0 37.11345200794091 37.40466041990536
152.0 36.275495350963915 37.56228359571252
153.0 35.979897538026265 37.54429757368419
154.0 35.6862519491992 37.056360096599526
155.0 35.79602921701221 36.698461218591746
156.0 35.9406513669929 36.32027980342141
157.0 36.40567213332069 36.48697924515717
158.0 36.52313469704147 36.34492633038936
159.0 36.3061137860973 36.76817793714778
160.0 36.22390353497618 37.55744346371432
161.0 36.68065304112003 37.493798669683315
162.0 37.12870845383314 37.02952859700287
163.0 37.26151576373377 37.09881671036006
164.0 37.03362898605531 36.99526143541688
165.0 36.75145949731767 36.849519197130206
166.0 36.400069720852116 36.2874823918582
167.0 36.208183629023964 36.26447295580067
168.0 36.021062746133836 36.62406335224352
169.0 35.89127636406351 36.96466421972751
170.0 35.8607668703526 37.07020466408829
171.0 35.5006139704698 36.183234860576945
172.0 35.766672978862104 35.53387648836412
173.0 35.9809421889689 35.559453643445714
174.0 35.938013377087906 35.75272506356466
175.0 35.831952054966855 36.12714150445953
176.0 35.59444594642422 36.469305937074964
177.0 35.675245013395575 36.48878638147975
178.0 35.31565284639085 35.93142959049624
179.0 34.920586325250916 35.19858187956275
180.0 34.76022455766915 35.368262981035784
181.0 34.76385559715788 35.42922966998909
182.0 34.906086079624075 35.42700651348185
183.0 34.94609964061194 34.816052403068895
184.0 35.01231778529546 34.32292315447538
185.0 35.273440989202456 34.21704944554604
186.0 35.18844560160063 34.004138573758844
187.0 35.45847083627779 34.4772581488068
188.0 35.36990694904108 34.925317364791134
189.0 34.83109003518192 35.28400591512886
190.0 34.13167274623731 34.95515792533602
191.0 33.47857163738414 33.79420153697454
192.0 33.024243485362994 33.031102803811784
193.0 32.63989589239169 32.753059363109294
194.0 32.57008833546824 32.28337114099349
195.0 32.38464039832012 31.986029383453094
196.0 32.005878268745825 31.561201811749807
197.0 31.62021590462692 31.595584073782007
198.0 31.156592005710976 31.805258984198055
199.0 30.86639025853231 31.478021273686323
200.0 30.566696644326342 31.44243399575302
201.0 30.17949408551591 31.14544516061461
202.0 30.17000795683803 31.129553724378408
203.0 30.453848686654123 31.188222153538604
204.0 31.084370727350898 31.101388113322916
205.0 31.638430988104332 31.269803675853257
206.0 32.12448736732334 31.469360737980296
207.0 32.217667143913225 31.972522113871488
208.0 32.19964133157527 32.457855813711326
209.0 32.18400880548135 32.549868462159964
210.0 32.42486419752187 32.87690767187999
211.0 32.34520450042068 32.92093979490942
212.0 32.35972399889112 33.19946869822616
213.0 32.47197731375526 33.13124792654387
214.0 31.977095908252704 33.06159781106968
215.0 31.856234293412726 32.9141984058991
216.0 31.433649525163133 32.57429294252057
217.0 31.490468084178 32.27694723371694
218.0 31.68869042561211 32.05185970089773
219.0 31.670850631348664 31.91104359295191
220.0 31.491226671124185 31.676746088647935
221.0 30.858685015788254 31.203203118429368
222.0 30.383606697482097 30.80631115352574
223.0 30.048624713381752 30.145749779043594
224.0 29.967493960966372 29.31916244798448
225.0 30.00495645935914 29.17723761510039
226.0 29.897472940769585 28.87539401950303
227.0 29.690841377384128 29.161656555460592
228.0 29.407335099602715 29.094262081790227
229.0 28.989780355531106 28.999479520430434
230.0 28.776748995527527 28.923719237568807
231.0 29.026831658687186 28.82429355275699
232.0 28.93161626791544 28.98375478646563
233.0 28.464089723917652 29.041167217889175
234.0 27.766339919955087 28.99475729023649
235.0 27.30314399301245 28.747089133220307
236.0 26.78433052416993 28.22805582791256
237.0 26.29038446593239 27.66510174186962
238.0 26.039681635226227 27.13139172024801
239.0 26.045233398355194 26.616560705300216
240.0 25.94030938434824 26.357149104984146
241.0 25.625849319917073 25.968096869006203
242.0 25.248177918659522 25.722837920996813
243.0 25.07445053949411 24.90359438543196
244.0 25.031976981773923 24.05800831965704
245.0 24.99975419759868 23.462760234205682
246.0 24.540863452661767 22.736718317769302
247.0 24.233465134149338 22.443305497737295
248.0 23.71314579117828 22.547869551275504
249.0 23.205325820564845 22.589429865332562
250.0 22.970657572147562 22.29049037763152
251.0 22.81173624242071 21.297581016404976
252.0 22.82426371798742 20.871700699286674
253.0 22.619051706082175 20.490342522864083
254.0 22.39559919910109 20.040647766364902
255.0 22.221342865911897 20.50840756311827
256.0 21.572780446064563 20.76805773206541
257.0 20.85021069459607 20.71026111211755
258.0 20.24707634592019 20.278727991807507
259.0 19.963141287022186 19.885627242369235
260.0 19.9594986188358 19.875417044487314
261.0 19.921510804803674 19.597419660663864
262.0 19.7204877829856 19.638806417813996
263.0 19.412971795625996 19.715158430078596
264.0 19.064746789168368 19.392693163327145
265.0 19.167100075658283 19.109961842575952
266.0 19.067221379087577 18.69101178338904
267.0 18.95629201512213 18.423325360603876
268.0 18.78467878121878 18.084021022383837
269.0 18.592488977695353 17.7180265625444
270.0 18.389887929316803 17.734934724319256
271.0 18.126397484952317 17.79638428355329
272.0 17.995597224696102 18.22781506142488
273.0 18.172914147920398 18.717792505933044
274.0 18.137280976538566 18.678863106913756
275.0 17.96228147822835 18.562333875676583
276.0 17.925175646262602 18.100090219145148
277.0 18.312111322523933 17.652238069963026
278.0 18.469976217900243 17.208304524167847
279.0 18.390593505571566 17.023138301577664
280.0 18.08779055922663 17.235738382704806
281.0 17.403800790610873 17.358547535801755
282.0 16.918250779181097 17.561349295093297
283.0 16.541172100338944 17.692592353069912
284.0 16.553385315238867 17.354848660016486
285.0 17.081812603850278 17.182864841007472
286.0 17.435565607001852 17.076376402445764
287.0 17.495314126250992 16.77829364380836
288.0 17.363273792244318 16.339091359804282
289.0 17.18759689414222 15.91455326448205
290.0 17.23265435368487 16.23652729350892
291.0 16.93332445584217 16.346478506582294
292.0 16.793714636464042 16.722770784664686
293.0 16.515628347586116 17.23647557341361
294.0 16.343254116023818 17.753156493771925
295.0 16.622296477549714 18.0331614998501
296.0 16.706049914173246 17.658983978320094
297.0 16.538263622013552 17.430517062555676
298.0 16.31439827157819 17.7110946643505
299.0 16.385094929930165 17.565544913127297
300.0 16.467659035998665 17.475017488603594
301.0 16.541814577310504 17.275001352556153
302.0 16.362140782429876 17.249928237311995
303.0 16.007636173029677 17.050066326861273
304.0 15.672232181679423 16.93729102636939
305.0 15.576122895116635 17.256680187547627
306.0 15.579860464095855 17.083312390561048
307.0 15.678166995841497 16.947264714886483
308.0 15.552892768143934 16.777312617633932
309.0 15.40434913003804 16.430821254735203
310.0 15.688285517807243 16.360082247235713
311.0 16.180896674848135 16.154251466940593
312.0 16.415212679982393 15.958612073109242
313.0 16.52724393350219 15.560143535943544
314.0 16.440496072220927 15.1664072970006
315.0 16.422663391583693 15.18591596986245
316.0 16.18228320285107 15.120484908904006
317.0 16.118346661245713 15.227611484830703
318.0 16.237343438124597 15.403923206725867
319.0 16.35847304599609 15.549062821378987
320.0 16.43709101184586 15.79909511849036
321.0 16.434434570296276 15.660334862293283
322.0 15.977868077984963 15.649461601163303
323.0 15.495764690725649 15.47450992531154
324.0 15.394496358173075 15.392454067543179
325.0 15.768389573914908 15.377223633153678
326.0 15.804371401734016 15.355964358085286
327.0 15.50174531099731 15.433862094625209
328.0 15.271877678394139 15.337903449539834
329.0 14.928525152874162 15.110036296546102
330.0 14.908317975019491 15.307263437868434
331.0 14.718022219218819 14.767907083072714
332.0 14.514677617069118 14.376916939339802
333.0 14.599828199118168 14.378947133115718
334.0 14.62801907409541 13.99607402945454
335.0 14.675032702619857 13.835155816633975
336.0 14.595205810730867 13.610223080156937
337.0 14.660036969729793 13.704720534032443
338.0 14.694900300135753 13.646699497210738
339.0 14.460929944908997 13.690867422112184
340.0 14.530165639721709 13.847761762366773
341.0 14.600299346040744 13.804368100849082
342.0 14.601369140196539 14.043827654017237
343.0 14.400706889542972 14.316544718966346
344.0 14.216376596697703 14.734943986851926
345.0 14.319845758283606 15.27317230657307
346.0 14.416453726604624 15.518866210846452
347.0 14.34260823253882 15.378188940640204
348.0 14.335786711736768 14.91920839343505
349.0 14.33832280071304 14.667643987159726
350.0 14.38037141410806 14.778291093015188
351.0 14.553383346221587 14.658074766326111
352.0 14.588060754337812 14.771942942512041
353.0 14.661661187645086 14.930786922153017
354.0 14.44899963184445 14.784637589954357
355.0 14.092647156125578 14.696139068088952
356.0 13.650401873401472 14.475028289474375
357.0 13.465732348200653 14.848537905048898
358.0 13.53819197300058 14.937760779847029
359.0 13.656184603690257 14.720113820133895
360.0 13.712755947876056 14.758893681694106
361.0 13.719246108976044 14.679852402989065
362.0 14.097576784929917 14.6307046730661
363.0 14.258603542872152 14.604564259348718
364.0 13.964829911351618 14.220603711435732
365.0 13.77687595713165 13.89736614758413
366.0 13.394697911875165 13.190304976288608
367.0 13.086951406359185 13.204445319002122
368.0 12.824742171198949 13.548549590166877
369.0 12.519016865519536 13.615619486039595
370.0 12.59978778579343 13.695841682850055
371.0 12.845452931513897 13.339076960672681
372.0 13.266992549362305 13.124530412257263
373.0 13.316705145218373 12.815834443091275
374.0 13.179825206906376 12.551881200921647
375.0 13.382320579190596 12.698778502638444
376.0 13.20641407631575 12.104957086983553
377.0 12.972122128352451 11.909573334686023
378.0 12.724940861180183 12.201851719108873
379.0 12.497730239381319 12.464500721745132
380.0 12.533067810896412 12.83312687203232
381.0 12.73047093198343 12.776113332485055
382.0 12.822850770884974 12.775622602999064
383.0 12.605333244727083 12.79316527179519
384.0 12.33464627410734 12.580317087249762
385.0 12.445308063679382 12.508568579944775
386.0 12.667532264113293 12.235274948397116
387.0 12.928659848978969 12.119624606095321
388.0 12.870226245909295 12.213434516838872
389.0 12.606360527730551 11.879250596394503
390.0 12.469604283899832 11.892659709822063
391.0 12.101714723096666 11.900386633058112
392.0 11.853134244960366 12.334837661412195
393.0 11.85732776154651 12.495708383253149
394.0 11.79215731007951 12.46843327513209
395.0 11.589858701762314 12.483730018833851
396.0 11.419644397837384 12.135382458136084
397.0 11.48777986639581 11.796729721421084
398.0 11.634913633610566 11.586078592747583
399.0 11.893698917456973 11.159096474005924
400.0 12.17599516234664 10.831909733592383
401.0 11.960791659331365 10.565378585708705
402.0 11.476976647947616 10.517923266078135
403.0 10.749428902332129 10.696485413520179
404.0 10.188887893494583 10.42622448929985
405.0 10.18534002519554 10.588506729036624
406.0 10.158950952170814 10.794275189496647
407.0 10.13128143026529 11.028097604699333
408.0 10.193151860691952 10.846294525946837
409.0 10.048702655036854 10.428193154313638
410.0 10.376512687774936 10.623918712209178
411.0 10.901124699006992 10.385461979901386
412.0 11.163742336361382 10.301024096973235
413.0 11.220111468345184 10.618988646960931
414.0 11.008887902629045 11.075179363598044
415.0 10.77787223815878 11.305924270455984
416.0 10.354730980693748 11.189925138378188
417.0 10.033584655441526 11.491953147728802
418.0 10.005964156839092 11.632240769872821
419.0 9.91323155637997 11.399210985604762
420.0 9.983353468089543 11.50182526451343
421.0 10.071929942936265 11.510672862801679
422.0 10.232237466723419 11.58672034984911
423.0 10.341315663934685 11.708356950383548
424.0 10.30096919099696 11.587688941592864
425.0 10.237195418589115 11.248742037853834
426.0 10.101268561464765 10.692654117366818
427.0 10.122401601776472 10.666099595935023
428.0 10.047401824645693 10.365816970420886
429.0 10.066643432360193 10.004199944955843
430.0 10.409504447442366 9.764242144950433
431.0 10.48636418415763 9.3759290246832
432.0 10.417966892370572 9.25250440973219
433.0 10.345250204131107 9.031731923417674
434.0 10.482444845607853 9.043350359679746
435.0 10.588320224559462 9.457196275145165
436.0 10.375021268039063 9.370490665430177
437.0 10.319855707788491 9.51666990808212
438.0 10.316452908250003 9.863377568454702
439.0 10.02872629585405 9.763547353869946
440.0 9.96138844130209 9.795076446542458
441.0 9.93170155417428 9.392232813916902
442.0 10.01795930909203 9.288822512100124
443.0 10.10298755023539 9.256782465844308
444.0 10.010354859225654 9.33841268053826
445.0 9.814019881895016 9.605859181590233
446.0 9.45816821921744 9.059987647648331
447.0 9.13091459566433 8.645044202085858
448.0 8.711684826567064 8.770917238969286
449.0 8.562965168413262 8.742001944331601
450.0 8.416071508030374 8.847980851498258
451.0 8.181826555717134 9.027542368957734
452.0 8.075965142680676 9.429730689246506
453.0 8.29323042374868 9.51543786518992
454.0 8.453265762235329 9.348452357684687
455.0 8.535467560944813 9.669674429198956
456.0 8.527417610016418 9.422911771497194
457.0 8.51587782203594 9.316373851450301
458.0 8.484903036566473 9.281912492841201
459.0 8.527403495989258 9.138651198796094
460.0 8.851126205580309 9.217616526880535
461.0 8.990947455995634 9.19916012944889
462.0 8.852260599037642 9.436169373170285
463.0 8.53172789412485 9.571502477487773
464.0 8.288776198660273 9.624136414049916
465.0 8.126914418671332 9.765759284853033
466.0 7.871894035755415 9.721282226750157
467.0 7.67749470637717 9.898085016249398
468.0 7.37366526241431 9.738310913250388
469.0 7.2237477291026435 9.659312176024653
470.0 7.257113405188164 9.842985046510028
471.0 7.281685639551122 9.615257562930367
472.0 7.530164092088126 9.522192771755552
473.0 7.8675137161396105 9.656454360779465
474.0 7.905225856131802 9.697057875715334
475.0 8.142151119812617 9.940606232066145
476.0 8.063065658615459 9.756535454006702
477.0 8.33522735756803 10.017578935443668
478.0 8.540266942125024 10.158195836709249
479.0 8.775313829760904 10.054279515017688
480.0 9.05790865458973 10.164754374641717
481.0 9.020658709348089 10.100180791824082
482.0 9.025789083985694 10.154269521513573
483.0 8.960605763346116 10.08472524731126
484.0 8.761230092935186 10.086308305651654
485.0 8.568100362160942 10.203721592666549
486.0 8.27801623425057 9.723541189400951
487.0 8.185684426312088 9.470269903555003
488.0 7.929459150936271 9.20379830148793
489.0 7.565917893470896 9.127755271593859
490.0 7.434543984532903 9.13019803737701
491.0 7.526172817637244 8.549749283122098
492.0 7.876868145125732 8.311934429429385
493.0 8.239877357215683 8.213595942220923
494.0 8.502059356532547 7.895260807830054
495.0 8.855198208061717 7.8981427737447065
496.0 8.873965204641351 7.634099340700228
497.0 8.948951705446479 7.51861981854166
498.0 8.932825174358396 7.335835605753722
499.0 8.811693833873726 6.973421133403405
500.0 8.725001740229374 7.2396669933351205
