ns trace A [ADC] trace B [ADC]
-500.0 -0.006355453177633735 -0.15369375662866627 
-499.0 -0.04436583433975337 -0.18020071448985583 
-498.0 -0.08236185259577271 -0.15746120072423594 
-497.0 -0.06772051356227882 -0.14846857591006232 
-496.0 -0.06377111701255433 -0.12270768031577142 
-495.0 -0.08722810706902076 -0.13624054370047203 
-494.0 -0.0664890072690252 -0.09893306591245717 
-493.0 -0.06623548721838833 -0.08837720409318608 
-492.0 -0.05285720990360916 -0.06950682394730806 
-491.0 -0.039977056692109374 -0.03272589698885829 
-490.0 -0.05263187581067015 -0.02729268544075355 
-489.0 -0.040110895451240684 -0.016293131059794637 
-488.0 -0.05431207579282983 -0.02835583954119037 
-487.0 -0.07705436641928846 -0.01650825048518281 
-486.0 -0.03875750259905271 0.009015275289539807 
-485.0 -0.004957468096583598 0.012914776275589901 
-484.0 0.004672636801186485 0.04550031512005689 
-483.0 -0.04582901701377212 0.06995603628945493 
-482.0 -0.060500273753221194 0.05802763287113552 
-481.0 -0.03539225703389444 0.05894493988523383 
-480.0 -0.026874215480198672 0.05381130609740714 
-479.0 -0.04862480636253262 0.08922867589796402 
-478.0 -0.027118170576773445 0.06662439141319443 
-477.0 -0.03799701744972244 0.033034114709506936 
-476.0 -0.04829356222337392 0.055040944285267956 
-475.0 -0.057909174824937716 0.07189399226449925 
-474.0 -0.015572824167552794 0.06615363139463147 
-473.0 0.010886807337494085 0.05532106041452925 
-472.0 0.01680957955292125 0.05762934213883961 
-471.0 -0.012486610448771753 0.07243434453514414 
-470.0 -0.005173780794863176 0.040043374958485145 
-469.0 -0.0032567362747662957 0.045034261734598444 
-468.0 0.01788811224709766 0.07089875461529183 
-467.0 0.0024550991543501547 0.06245832428278693 
-466.0 -0.016722684817403067 0.03606983186838149 
-465.0 -0.030885962277441843 0.032810118825881286 
-464.0 -0.023686286930446852 0.07273978346590804 
-463.0 -0.020030055092901088 0.01548723936486161 
-462.0 -0.021656083948824567 -0.009747221204812428 
-461.0 -0.020374439627804743 0.017017903683447654 
-460.0 -0.0393053765822244 -0.0042518230321886875 
-459.0 -0.026205417343300945 -0.0063208003469055925 
-458.0 -0.016033850718079924 -0.03136970161201357 
-457.0 0.02013743604847019 -0.011127825146131781 
-456.0 0.021140401405073294 0.02519447924458027 
-455.0 0.019613188975102985 -0.03565199052586948 
-454.0 0.013994451167745663 -0.050292782899941164 
-453.0 0.04235765368368243 -0.03613531191866394 
-452.0 0.06388914174188771 -0.04251325325322657 
-451.0 0.07341320855329521 -0.01656155810317837 
-450.0 0.08901583114522488 -0.028563863901380757 
-449.0 0.10252228775244451 0.0028923261660248837 
-448.0 0.06901814673379539 -0.013118805325761467 
-447.0 0.05929214902592305 -0.01835919311386761 
-446.0 0.08853239423796097 -0.008271430542172357 
-445.0 0.06918614128140488 0.020325523001246182 
-444.0 0.08717189203479951 0.04178158940749481 
-443.0 0.08437609438501112 0.034846522465877494 
-442.0 0.0870086383729644 0.01929619206326092 
-441.0 0.08744862966515882 0.012888861520657055 
-440.0 0.07946180897781213 0.006560417103365326 
-439.0 0.08487287928774295 0.02687782734048116 
-438.0 0.10376015047803464 0.07217438072851792 
-437.0 0.11198479946083334 0.07260416012295168 
-436.0 0.11397050633371743 0.0705011800356154 
-435.0 0.08800483681702986 0.042887192898781644 
-434.0 0.08504612455639232 0.10591901120316903 
-433.0 0.121545371784672 0.09808287407286073 
-432.0 0.13121393016386187 0.10901270634972347 
-431.0 0.11750485522962857 0.11652132514520411 
-430.0 0.09173428529252647 0.10496884077128081 
-429.0 0.061294567853989596 0.09472151471394091 
-428.0 0.05366004021817259 0.047128192470222624 
-427.0 0.01718057153642673 0.05429095334487531 
-426.0 -0.0014177175954477946 0.05503052583580645 
-425.0 -0.0035858757882071767 7.307987344824492e-05 
-424.0 -0.043751840771062235 -0.021016351197930026 
-423.0 -0.07903568721796675 -0.04471545392981325 
-422.0 -0.09073889031661005 -0.0769372890429299 
-421.0 -0.11690882480457786 -0.08291972537472876 
-420.0 -0.13465814402297857 -0.0969845962477605 
-419.0 -0.14515672924704034 -0.11412805420152256 
-418.0 -0.1324933320067832 -0.11768478071789 
-417.0 -0.15975485309017845 -0.15385672745030576 
-416.0 -0.14865036360350664 -0.136029718049962 
-415.0 -0.13518277573268114 -0.1342961899645209 
-414.0 -0.1351613227400196 -0.13830567483439998 
-413.0 -0.16024971427647886 -0.1343853528522735 
-412.0 -0.1738048386286921 -0.14758264262573947 
-411.0 -0.14025227997771023 -0.09799881506644056 
-410.0 -0.10560433400494022 -0.08474306615590947 
-409.0 -0.0733964187860498 -0.054974234749102555 
-408.0 -0.05160799258267856 4.968719847530919e-06 
-407.0 -0.05991618896057211 0.013300303293489432 
-406.0 -0.07445028994094924 0.03927149118033513 
-405.0 -0.06352499807917794 0.036239319977865954 
-404.0 -0.05045548219122706 0.09778025645473129 
-403.0 -0.02948900211981697 0.11789478927221926 
-402.0 0.002738264937908595 0.12764028328069674 
-401.0 0.01705099785959368 0.137382468012625 
-400.0 -0.010945552309053 0.14326595605693976 
-399.0 -8.923342371219053e-05 0.14772344283296648 
-398.0 0.02246087771246695 0.15794604363068862 
-397.0 0.050095075546074626 0.17515539137107328 
-396.0 0.07797097960512234 0.19281501147054322 
-395.0 0.11234695133724906 0.16547419134707594 
-394.0 0.14843063207926765 0.16111893262476437 
-393.0 0.15361182598451503 0.171955811294883 
-392.0 0.16447711920618038 0.19375010062981304 
-391.0 0.22153191476910447 0.21426469886962105 
-390.0 0.23065486616361872 0.2156827949393707 
-389.0 0.22890551065728412 0.25541665345589526 
-388.0 0.2859907612313892 0.22745168140418354 
-387.0 0.3063900230904493 0.21279783881931386 
-386.0 0.28122664142151316 0.24224469797308906 
-385.0 0.22372578139138913 0.21738163117497308 
-384.0 0.23288788827969092 0.19937272032138564 
-383.0 0.26776605311506924 0.1593416425922205 
-382.0 0.2655909496849426 0.15257956964158936 
-381.0 0.2559262821042821 0.16656142504665147 
-380.0 0.22726921270267103 0.11494130464245679 
-379.0 0.19437909727560565 0.0394546603259444 
-378.0 0.16072650367332414 0.06179035195789249 
-377.0 0.16918902519519088 0.06096174096625542 
-376.0 0.18074078625023599 0.04213207255812991 
-375.0 0.17196568329543493 0.006535890823507279 
-374.0 0.14287624944863683 0.005085387162980576 
-373.0 0.15570469139037602 -0.0038516750255400325 
-372.0 0.17058665513311042 -0.020940617922540077 
-371.0 0.16293193465121086 0.015140780733186617 
-370.0 0.14647078844874142 0.023756637050592604 
-369.0 0.17643598250506784 0.05614344581578071 
-368.0 0.1709613762365995 0.055369853897203204 
-367.0 0.13880573664271484 0.06141633167778449 
-366.0 0.14134225161909172 0.07844598417056178 
-365.0 0.16987032290342888 0.08835963644425894 
-364.0 0.16934261090220987 0.13941140798713408 
-363.0 0.1443662142065511 0.1533781275636195 
-362.0 0.13597557982041597 0.13736064845496432 
-361.0 0.15627206122013615 0.1630712971234577 
-360.0 0.17125167841183955 0.1679283592912768 
-359.0 0.17944460304053986 0.229573136040501 
-358.0 0.1725257360882554 0.24156460317968872 
-357.0 0.1986464463789047 0.25160073876011485 
-356.0 0.20547208708497067 0.26893082890399567 
-355.0 0.17976813294022378 0.2530178084352253 
-354.0 0.23010470650989376 0.31018543987210606 
-353.0 0.2535059152725609 0.29426688729416783 
-352.0 0.2637174343627698 0.32740630736080156 
-351.0 0.2819870630207902 0.37926676088074485 
-350.0 0.2611790712511227 0.3971935003051737 
-349.0 0.26505777115736806 0.3998157583492392 
-348.0 0.2742799538211489 0.4084997017961953 
-347.0 0.2993679282831805 0.4145776159385132 
-346.0 0.30481095498865257 0.4520692238736653 
-345.0 0.25099904546985063 0.4513196081170797 
-344.0 0.2073818215984774 0.4732604031217581 
-343.0 0.22285744532765 0.46638045815831236 
-342.0 0.23490901277528412 0.4267141864867333 
-341.0 0.2458748908125086 0.4443972837219299 
-340.0 0.20213272923782985 0.4375714647551583 
-339.0 0.20599330444701114 0.42067364155523823 
-338.0 0.22249776063250268 0.40945287790298585 
-337.0 0.2269163740708382 0.4127285901346132 
-336.0 0.25830141225823816 0.4151544836831344 
-335.0 0.31385134368595363 0.38024081365308726 
-334.0 0.3100121150218413 0.4058481752288346 
-333.0 0.3441783051533642 0.41890496931656646 
-332.0 0.42705042741542876 0.3996700472773679 
-331.0 0.45519511380944666 0.41647187259433666 
-330.0 0.4893436211392852 0.4177361067354602 
-329.0 0.5285691968184425 0.43500087520243286 
-328.0 0.5564122237880595 0.40984282166459035 
-327.0 0.5770777762789983 0.4234022394318633 
-326.0 0.5969306860897743 0.47018629137397794 
-325.0 0.6118463605875546 0.5052737655392837 
-324.0 0.6687939523184454 0.47265866279564156 
-323.0 0.6924843276072447 0.43399397364066356 
-322.0 0.6545934951634366 0.47447129866447285 
-321.0 0.6771565706827104 0.5423355493747491 
-320.0 0.6784894039766641 0.5316613646637897 
-319.0 0.7019809629208231 0.5457540755717105 
-318.0 0.7583826665686053 0.5749529577077627 
-317.0 0.7726492153804762 0.6139915253816544 
-316.0 0.7758759343708754 0.6738883409017702 
-315.0 0.773087052582601 0.6769030355656641 
-314.0 0.7975964352178122 0.7240911871490612 
-313.0 0.8531200009702968 0.7407585713521448 
-312.0 0.8890635269424332 0.7069139184167968 
-311.0 0.9102601608133505 0.7338377728158786 
-310.0 0.8930392158220891 0.7413029697617957 
-309.0 0.919856212639432 0.7450022132922544 
-308.0 0.9019494706762301 0.7137883722194899 
-307.0 0.9055906743888349 0.7586393283814546 
-306.0 0.9248008418493986 0.7767392327050714 
-305.0 0.9179390264951761 0.7574540263158328 
-304.0 0.8661012080634101 0.8015543796609158 
-303.0 0.8329663407407912 0.8239388529540123 
-302.0 0.8202916938888638 0.8581190649007117 
-301.0 0.8229265732976812 0.8841686386068475 
-300.0 0.8268946735482859 0.8915446480401615 
-299.0 0.8363803127486795 0.9200440247666015 
-298.0 0.8566623619831192 0.9311908257561576 
-297.0 0.8273856879784834 0.9352408840631643 
-296.0 0.8119101607442384 0.9534313773429919 
-295.0 0.7864091072005994 0.9707444437612728 
-294.0 0.8164116523091999 1.011556154032005 
-293.0 0.8266323663767354 1.0129215741110735 
-292.0 0.84131069040068 1.0630674581854116 
-291.0 0.8582710092436013 1.1220707777197039 
-290.0 0.890983543541326 1.1177803935462642 
-289.0 0.8677059984314364 1.1072807683133408 
-288.0 0.8790645792195847 1.128099164490922 
-287.0 0.9305685600240399 1.156030295344508 
-286.0 0.9535838279301218 1.1797161926406732 
-285.0 0.9419029786787816 1.1954284470251597 
-284.0 0.9540186949323445 1.2849276452987766 
-283.0 1.002604730956733 1.2989694265387683 
-282.0 1.055621189724056 1.326591370044213 
-281.0 1.086013257853663 1.3292731618911715 
-280.0 1.1052568566853842 1.3068209272233646 
-279.0 1.1657980105550065 1.3248066877403093 
-278.0 1.2084663694716502 1.3288327631175194 
-277.0 1.2767439137986305 1.360402521467041 
-276.0 1.3754091732933746 1.3759968105245521 
-275.0 1.4278129603867185 1.37627718846165 
-274.0 1.436359951638695 1.4645430544281706 
-273.0 1.454899372330564 1.5007066973868666 
-272.0 1.4898656077078627 1.5323487250237862 
-271.0 1.5454169596998046 1.5661049319193376 
-270.0 1.5968488340396636 1.6358343040328922 
-269.0 1.6548400398553675 1.7138335120831152 
-268.0 1.695382891265446 1.757677276198935 
-267.0 1.7280659343296674 1.7434942412041592 
-266.0 1.7367069415433984 1.8276454752413518 
-265.0 1.7446090042936615 1.9050759667308044 
-264.0 1.7746065721229791 1.9609074408580593 
-263.0 1.7819733055914397 1.9839692091599648 
-262.0 1.7850328675572418 2.0549268456875374 
-261.0 1.844577474265894 2.1114163960720163 
-260.0 1.869076138730214 2.100932443212701 
-259.0 1.869817120748275 2.1061878567538614 
-258.0 1.8647860241731355 2.1274641775827066 
-257.0 1.8732433583008148 2.12268326898876 
-256.0 1.8819943838717623 2.1399001467407905 
-255.0 1.8862435167902682 2.1516073794611743 
-254.0 1.9259437253983387 2.2387535779010785 
-253.0 1.9484473972916336 2.1972021722900656 
-252.0 1.9445563827740473 2.193306963843637 
-251.0 1.9504003625255295 2.2738374502112864 
-250.0 1.9783251772980983 2.2851365081088706 
-249.0 2.0126665129526575 2.25122197343752 
-248.0 2.0113509564572465 2.2642013814300905 
-247.0 1.944172488274919 2.266067073958552 
-246.0 1.9391154248816387 2.2441354250298526 
-245.0 1.9963204615696126 2.2305521435833966 
-244.0 2.0309744432030334 2.2425197052539563 
-243.0 2.0413080140844815 2.203819009043872 
-242.0 2.0513335687233183 2.19891602732145 
-241.0 2.037212122611897 2.177491880018967 
-240.0 1.9979278577898658 2.1410819445915257 
-239.0 1.9521966846905632 2.1813020289641574 
-238.0 1.9515500390112306 2.206746284078257 
-237.0 1.9621018731577453 2.236804209720725 
-236.0 1.9710525605169036 2.287347544183943 
-235.0 1.9784219959191125 2.283999837625841 
-234.0 1.9616924416689414 2.2621527439619253 
-233.0 1.9590170551763935 2.271358245491647 
-232.0 1.9353916504091044 2.2870689407477367 
-231.0 1.924984159876064 2.3330007671495263 
-230.0 1.9535668618751936 2.307696650257336 
-229.0 1.9811217517264392 2.305111199514498 
-228.0 1.9816811216307515 2.298649980872235 
-227.0 1.962271133095562 2.348908675152479 
-226.0 1.9847173917614773 2.4352171500363005 
-225.0 1.9709547241099523 2.451076872073208 
-224.0 1.9678836064843885 2.442799983359352 
-223.0 1.9981248491951784 2.415785762139332 
-222.0 1.9775326601722774 2.4249266982198616 
-221.0 1.9495298455172791 2.434619293646527 
-220.0 1.912256557619652 2.450405824727426 
-219.0 1.9506784823980126 2.4584842963780433 
-218.0 1.9674956331721491 2.462969553172758 
-217.0 1.9315666965665308 2.5001469806956544 
-216.0 1.9024212902818327 2.528392821092841 
-215.0 1.8914584085167263 2.4996323260206457 
-214.0 1.8583627725728835 2.546785098848147 
-213.0 1.9276380298876687 2.5575595087047858 
-212.0 1.985057355623784 2.5500003558801487 
-211.0 2.0072571390653495 2.489194334574178 
-210.0 2.027910286950983 2.4167836654158843 
-209.0 2.024143331307662 2.420900928091279 
-208.0 2.035207443370203 2.4037304524765775 
-207.0 2.0598250872587838 2.3810416466954547 
-206.0 2.0768877337203246 2.349549962745261 
-205.0 2.0407996166920066 2.2849654779344326 
-204.0 2.0358778052099726 2.2994946699362364 
-203.0 2.032292162153624 2.3064268676213437 
-202.0 1.9992603837292284 2.3082734672531884 
-201.0 2.019223263043241 2.327838069395958 
-200.0 2.0599274282084594 2.330801953793239 
-199.0 2.070616688265019 2.320450476516007 
-198.0 2.0396243421496765 2.283134378644035 
-197.0 2.0361235266064965 2.2259621597749635 
-196.0 2.0299663962683243 2.2171444729369676 
-195.0 2.00515897187636 2.2063164060464735 
-194.0 2.0405674584411435 2.2340791428293265 
-193.0 2.0517208656697816 2.2057819817191526 
-192.0 1.988749918200432 2.097205452961847 
-191.0 1.9453493323668927 2.0403309052216736 
-190.0 1.9668877451545324 2.0716397435181597 
-189.0 2.0448959583655415 2.151116887183442 
-188.0 2.0805008104958236 2.1797699120015857 
-187.0 2.0487005704082946 2.1633885449515433 
-186.0 2.066902303954122 2.1560472766690273 
-185.0 2.0661368737209473 2.1345568457276562 
-184.0 2.0494653219676104 2.1400545307852608 
-183.0 2.025313694819989 2.1883103512498714 
-182.0 2.0169286439965655 2.205037881877485 
-181.0 1.979783491477461 2.2109236091547233 
-180.0 1.9278684366441121 2.178774503770639 
-179.0 1.8869935221196144 2.2637958841888364 
-178.0 1.8697870613800294 2.311955335607606 
-177.0 1.8405750834051373 2.340376917586324 
-176.0 1.8134670118328458 2.3520191724672297 
-175.0 1.823052216466362 2.334458408482306 
-174.0 1.8281872314260887 2.31573469629519 
-173.0 1.8184385339839435 2.330957348177346 
-172.0 1.7884632475423867 2.368821376696523 
-171.0 1.7712332507773205 2.3789337400009583 
-170.0 1.7696885001902052 2.3316863198620656 
-169.0 1.7816792050985895 2.290610227428016 
-168.0 1.8012421263493281 2.305822189151581 
-167.0 1.8213866957882163 2.380934458483419 
-166.0 1.8223471722120352 2.4382137798757735 
-165.0 1.794693462652184 2.4217991513999935 
-164.0 1.7903338764745582 2.4218492501086195 
-163.0 1.8329034860354316 2.4279887044760797 
-162.0 1.867813208736851 2.500049224923213 
-161.0 1.9213145263645028 2.5162024560418144 
-160.0 1.8994754240795853 2.4848343474795986 
-159.0 1.9136218132483422 2.4548976553443658 
-158.0 1.9006134526412013 2.467284075276912 
-157.0 1.9077475208632966 2.5166379405819383 
-156.0 1.9052375408548858 2.6191802850689343 
-155.0 1.9258936764084724 2.6987791898524693 
-154.0 1.9800168808742042 2.7603729534474444 
-153.0 2.0460277526076283 2.792001711860372 
-152.0 2.134367671723023 2.767698279833123 
-151.0 2.2441906696450595 2.7398497051178254 
-150.0 2.3604224037040606 2.775779873953965 
-149.0 2.52598340408273 2.94173244470646 
-148.0 2.8091664635238898 3.2383690283151636 
-147.0 3.2585406470245006 3.7484669777327264 
-146.0 3.8882734015166234 4.458681300101517 
-145.0 4.688955242106672 5.354610297403013 
-144.0 5.650191562014051 6.452648655310881 
-143.0 6.82568658080934 7.786709119042085 
-142.0 8.206311220652646 9.399981365928916 
-141.0 9.79496076071559 11.138880002586179 
-140.0 11.481648806381177 12.881386322426234 
-139.0 13.15029829595613 14.618785277099478 
-138.0 14.738759711932094 16.357827039887784 
-137.0 16.040662941723237 17.917118411717254 
-136.0 17.048140023321427 19.212722987646835 
-135.0 17.774435102929992 20.169508413457468 
-134.0 18.230508058149443 20.812115216623575 
-133.0 18.416187920735954 20.99033732902546 
-132.0 18.46535324763446 20.993801243215607 
-131.0 18.437522508663356 20.922203877115333 
-130.0 18.35767318333289 20.758142914622454 
-129.0 18.36180835126794 20.609029656547914 
-128.0 18.392491710011686 20.5399787824362 
-127.0 18.53041471633442 20.699489499671344 
-126.0 18.76539362917598 20.985831954257876 
-125.0 19.0665674356695 21.351181146676225 
-124.0 19.386044093899624 21.817480559596248 
-123.0 19.79761209446916 22.278437118034805 
-122.0 20.266659426166022 22.868161112471896 
-121.0 20.8310665606914 23.600799045620768 
-120.0 21.384980630443494 24.246841497180007 
-119.0 21.891395018395443 24.838393363564197 
-118.0 22.454828463962574 25.4043266674584 
-117.0 23.02851190452711 26.146781878243587 
-116.0 23.53688879988092 26.854131604351974 
-115.0 23.952279276998087 27.281866500860758 
-114.0 24.264983078945637 27.486897977407917 
-113.0 24.58187066643766 27.901190579547542 
-112.0 25.072904617452313 28.602749307818765 
-111.0 25.812204757231576 29.55594675719285 
-110.0 26.650316975290472 30.67167635958464 
-109.0 27.649885323830954 31.993961907501884 
-108.0 28.969046453273045 33.53592617974774 
-107.0 30.631571949458237 35.28039960639871 
-106.0 32.55825803677909 37.33243565655056 
-105.0 34.741781515679655 39.53971256910919 
-104.0 37.18426561700163 42.081664383988326 
-103.0 39.85833240330562 45.056773610247795 
-102.0 42.694557936499436 48.263386375707846 
-101.0 45.79607704580009 51.746365986718445 
-100.0 49.26076221771893 55.74644648144389 
-99.0 53.26194277365705 60.39158364295276 
-98.0 57.829633295543736 65.84797588632048 
-97.0 63.305751709496136 72.29863898885836 
-96.0 69.98998171559201 79.91699486576434 
-95.0 77.8215817189676 88.84606401815533 
-94.0 86.67586671561237 98.9318360045151 
-93.0 96.62511285941184 110.16011987028031 
-92.0 107.82424462973633 122.56016360931434 
-91.0 119.86134691798398 136.1611254023307 
-90.0 132.2944492582403 150.58373594789893 
-89.0 145.03350060828254 165.17934559533873 
-88.0 157.79293375885268 179.70013336969507 
-87.0 170.2075396786489 193.84805901532016 
-86.0 182.00256851102532 206.99792400867005 
-85.0 192.78358039930004 219.0664022733813 
-84.0 202.612364241121 230.168598041988 
-83.0 212.02209959630076 240.61750655757066 
-82.0 221.5309758761211 251.12716669522183 
-81.0 231.48522820998005 262.3778298099595 
-80.0 242.44403956606564 274.48719933693343 
-79.0 254.77941379339268 288.27552234386354 
-78.0 268.72119763619617 304.30352763173784 
-77.0 284.6201147017747 322.625380211451 
-76.0 302.7222568680495 343.02963164806016 
-75.0 323.22862919237343 365.9272280854456 
-74.0 345.8409576257199 392.0044247505568 
-73.0 370.3131072540487 420.60758539133315 
-72.0 396.224816327812 450.87597623859966 
-71.0 423.20358904588954 482.3508823187543 
-70.0 450.62883972443296 514.4647171790825 
-69.0 477.2445557951546 545.3160396077777 
-68.0 501.86093275229234 573.7377530545268 
-67.0 523.6339224081529 598.6721829929975 
-66.0 541.9528843978932 619.4027220810293 
-65.0 556.2481330593863 635.3342892817857 
-64.0 566.123480845133 646.7181928691472 
-63.0 572.2999869386392 654.433043882093 
-62.0 575.5951507378561 658.6199649839438 
-61.0 576.683701435243 659.419488586281 
-60.0 576.5874273702684 658.5139270970524 
-59.0 576.0849943644608 656.915226129197 
-58.0 575.6068470316187 655.8484254080424 
-57.0 575.7038989482237 655.4355322368526 
-56.0 577.2838313195034 656.7904453749073 
-55.0 580.6601827832808 660.472885317035 
-54.0 586.1961518646409 667.5009758303611 
-53.0 594.1433896223007 677.4321506380205 
-52.0 605.471253315641 690.8922344084668 
-51.0 620.2022253407471 707.7110143542435 
-50.0 638.9105688980138 729.1017671770096 
-49.0 661.2549471147081 754.4979344023127 
-48.0 687.4011700965945 784.631899659761 
-47.0 717.237618196714 819.3228556909836 
-46.0 751.1197092185816 858.5571553265232 
-45.0 788.7424560904208 902.2843149237299 
-44.0 829.855930958752 950.2297568709523 
-43.0 874.3040428878691 1001.971683775777 
-42.0 921.7469843353629 1056.9465167494798 
-41.0 971.3547290968868 1115.2946582041086 
-40.0 1022.4615866830567 1176.0255364667985 
-39.0 1074.8434666820867 1237.8062725909529 
-38.0 1127.778481858334 1299.0016439716305 
-37.0 1180.3026190400146 1359.9632849759967 
-36.0 1231.4785513694374 1419.4956688036343 
-35.0 1280.720022623562 1476.8156080057618 
-34.0 1327.5106009482263 1531.3078618038955 
-33.0 1371.731332419564 1582.8389160395134 
-32.0 1413.590702809077 1631.3317079336161 
-31.0 1452.4905504233504 1677.5353365857807 
-30.0 1488.512824089694 1720.7642092205972 
-29.0 1521.8378396269961 1760.2867154369974 
-28.0 1553.863439396692 1797.3296559963464 
-27.0 1584.4704193753741 1832.3643047661872 
-26.0 1613.0490963263749 1865.294078477559 
-25.0 1639.8924503509397 1896.7570770995312 
-24.0 1665.8815868294346 1927.2016643097231 
-23.0 1691.6112195251064 1957.4452895255238 
-22.0 1717.1520793462498 1986.9496061161474 
-21.0 1742.9742529490381 2015.7090798336856 
-20.0 1769.2356157618592 2043.9973014376026 
-19.0 1794.858627810437 2072.5556173569 
-18.0 1820.2905974788844 2100.8724883691802 
-17.0 1846.0828997079593 2129.9282925150674 
-16.0 1872.1524739467595 2159.0230744397786 
-15.0 1897.4275500430956 2188.292745427098 
-14.0 1921.2439760526597 2217.8933643491696 
-13.0 1944.2046839962047 2246.921406797781 
-12.0 1966.7729662722095 2273.9022791130024 
-11.0 1988.9688400068756 2298.4082480815277 
-10.0 2009.701820895161 2320.6186509419795 
-9.0 2028.8367914779674 2340.9164845773184 
-8.0 2046.254544717066 2359.053388243328 
-7.0 2061.5710512394426 2375.622107963396 
-6.0 2074.4893473832917 2389.537587814171 
-5.0 2084.636994721406 2400.3900997048986 
-4.0 2091.830244793676 2406.895684159762 
-3.0 2095.087738600432 2410.3105684700677 
-2.0 2095.3761625542065 2410.7748422246314 
-1.0 2092.562994438963 2407.589577257271 
0.0 2086.3241854488588 2400.189433255625 
1.0 2076.314255348382 2388.9502150110084 
2.0 2062.710529190793 2372.8003656043625 
3.0 2045.5431053445582 2351.819456426286 
4.0 2025.0397167224753 2326.123967863497 
5.0 2001.3510667390708 2296.7535461634648 
6.0 1974.5444405050973 2263.6096637852597 
7.0 1944.475731281001 2227.7936340316082 
8.0 1912.2658837737104 2189.319286202117 
9.0 1878.3713844709978 2148.396340998397 
10.0 1842.3151669170343 2105.3867855207363 
11.0 1804.7219032148798 2060.3798571467487 
12.0 1765.9716490930625 2014.4340617624448 
13.0 1727.4952375130476 1968.3686838143376 
14.0 1689.464773052063 1923.2344884310558 
15.0 1652.3819491873592 1878.2845954737406 
16.0 1616.5246860549425 1834.5165671066197 
17.0 1581.901076154342 1793.2147360331628 
18.0 1548.0115423437867 1753.5641961954811 
19.0 1514.8990943308665 1715.239772714739 
20.0 1482.793369213788 1678.1557643703763 
21.0 1451.7002860643283 1642.4656369506313 
22.0 1421.1355614276054 1607.4771032783974 
23.0 1391.0601146984452 1572.7506774861638 
24.0 1361.4762434526963 1537.7728229408121 
25.0 1331.7015652346172 1502.5220641495332 
26.0 1301.794043502551 1467.0611924639416 
27.0 1272.2784784423734 1431.733650281758 
28.0 1243.2020465762748 1397.2604305898124 
29.0 1214.615884886931 1363.5614052990713 
30.0 1186.8142052447147 1331.0496626599781 
31.0 1160.392798195432 1299.6062345503665 
32.0 1134.6820140106067 1268.8994708228133 
33.0 1109.8364510432118 1239.4263285236618 
34.0 1086.4631492860149 1211.3602266788173 
35.0 1064.4687378795877 1185.2287146425658 
36.0 1043.5399740424075 1161.0491171408148 
37.0 1023.8724476736055 1139.0519135206432 
38.0 1006.432259052905 1119.2455396359119 
39.0 991.0619769380231 1101.5182987466992 
40.0 977.4206205742039 1085.2825718228883 
41.0 965.8551115560333 1071.064559296192 
42.0 956.4305489555476 1058.6881417117936 
43.0 948.4296962665961 1047.7006594199852 
44.0 940.7585876878583 1037.5363417641602 
45.0 933.1576375417957 1027.7029496797768 
46.0 925.4342625418761 1018.3595302432116 
47.0 917.5890640621147 1008.8061900478211 
48.0 908.4815227672862 997.9725908976328 
49.0 897.4222967447914 984.9875506142433 
50.0 884.1624080022143 969.627524033103 
51.0 868.4315362393029 951.0791267619941 
52.0 849.7347826522068 929.5696057451096 
53.0 828.145445318333 904.6392342930545 
54.0 803.5427167060627 876.277073796344 
55.0 776.7175644751326 845.157657340752 
56.0 748.2505749088715 812.1185091970866 
57.0 718.7729319041939 778.2023063934994 
58.0 688.9578810604012 744.1244309540269 
59.0 659.58379277565 710.5684376192971 
60.0 631.10894546204 678.1858494959852 
61.0 603.8413144587415 647.4833285320722 
62.0 578.3355452687648 618.7451293847176 
63.0 554.4407799333633 592.1507594770055 
64.0 532.0738746497063 567.6886937877143 
65.0 511.09274534934656 545.1174305028587 
66.0 491.3945674747056 523.5913866440294 
67.0 472.4135169575455 503.21901293513775 
68.0 454.0421575857464 483.6729048248599 
69.0 436.3995508773701 465.0356256731495 
70.0 419.6400598887088 447.01482827014405 
71.0 403.39715077336643 429.9414053322643 
72.0 387.54397950196176 413.3926009796854 
73.0 371.8984543617431 397.1453000424062 
74.0 356.3932526900565 381.08345345582177 
75.0 341.1416354654659 365.0462234344853 
76.0 326.25797734302614 349.18584693911794 
77.0 311.6935247221598 333.58070448774737 
78.0 297.67027732509706 318.92439009573246 
79.0 284.34890412687224 305.10726243974955 
80.0 271.625121671172 291.9161102867196 
81.0 259.4871379759704 279.1355960150369 
82.0 248.08187616922538 267.1088707074226 
83.0 237.42381463654687 255.82537417797238 
84.0 227.54762293786163 245.45767020692028 
85.0 218.36038608636412 235.8855367910139 
86.0 209.90456172929154 227.0688344023869 
87.0 202.0964814783448 218.8802402403383 
88.0 195.02706995101784 211.37575279064208 
89.0 188.52295483854397 204.61760850162062 
90.0 182.6386345744033 198.38839046645015 
91.0 177.1313678452946 192.37576594839794 
92.0 171.96710567370607 186.4831958119322 
93.0 167.10723228035377 181.28787902138336 
94.0 162.54142849218445 176.47872253689746 
95.0 158.1367289131816 171.81940864786972 
96.0 153.7439420817311 167.30378331600915 
97.0 149.58953606433892 163.06216889548455 
98.0 145.7367715805278 158.97967314422658 
99.0 142.15481793861758 155.08829597758546 
100.0 138.70065567586227 151.33162913147157 
101.0 135.52493207221227 147.6824858432086 
102.0 132.68615008877396 144.23565328571706 
103.0 130.0135500967662 140.9589673528665 
104.0 127.25349928427671 137.86858741395554 
105.0 124.59942443170036 134.9523825037218 
106.0 122.19450248717666 132.26874757061321 
107.0 119.92408813167356 129.6647578843411 
108.0 117.7867871005107 127.35199620169082 
109.0 115.64685708270318 125.034729041838 
110.0 113.54515556333118 122.53619982819957 
111.0 111.56036006623806 120.07263501333277 
112.0 109.53445265278447 117.69569161040272 
113.0 107.41812255173784 115.51342603205309 
114.0 105.24731404409826 113.27590153908497 
115.0 103.22372013611273 110.94301991697995 
116.0 101.34628690744447 108.78718397924786 
117.0 99.46394323147237 106.69660462951828 
118.0 97.48252052426551 104.48557062560386 
119.0 95.2651457657754 102.34891604202971 
120.0 93.08339226554847 100.28166890869326 
121.0 90.9309425940513 98.38111916497714 
122.0 88.90331411990358 96.30525168894359 
123.0 86.96736046692794 94.22686882240967 
124.0 84.99522768431578 92.08843972592659 
125.0 82.94296206190721 90.02840454348099 
126.0 81.02109005403099 88.0163605488867 
127.0 79.12414692811072 86.00345375931853 
128.0 77.32417828529533 84.11473203473082 
129.0 75.56821271472599 82.25966971014842 
130.0 73.79818366770468 80.27389556279351 
131.0 71.96102909353283 78.37572203445038 
132.0 70.1707512586585 76.50047384153463 
133.0 68.40025690500515 74.64779578187967 
134.0 66.7601942309721 72.84064886932339 
135.0 65.20201486925245 71.15443893445865 
136.0 63.81133722494347 69.51475414863827 
137.0 62.55876579885391 67.898308005345 
138.0 61.47019561783654 66.32121680410614 
139.0 60.459674179915794 64.98186942762173 
140.0 59.389032316829756 63.654714004834034 
141.0 58.35139493421386 62.436482310861635 
142.0 57.404436140136866 61.31224225074938 
143.0 56.57447114776089 60.17744824403893 
144.0 55.75147894679206 59.3321707648683 
145.0 55.11764121654534 58.47066105863956 
146.0 54.61052382230887 57.6215035814713 
147.0 54.04321844593411 56.822016721520434 
148.0 53.46940935750804 56.2125318490253 
149.0 52.99546089715558 55.50329212137835 
150.0 52.53434621482851 54.91660050617914 
151.0 51.94841086756881 54.37481173761569 
152.0 51.37349745090671 53.76697924809905 
153.0 50.9525522643584 53.198762362586606 
154.0 50.5144152166735 52.72270124689611 
155.0 50.0337466594564 52.36724209518834 
156.0 49.75839163599523 52.00582564494667 
157.0 49.51552123346754 51.71694127358834 
158.0 49.148183822320966 51.43598683975935 
159.0 48.73500628187551 51.09864121090385 
160.0 48.50654384363984 50.65244252292334 
161.0 48.407265622316366 50.21119133696683 
162.0 48.40280493739851 49.85617192466461 
163.0 48.27337454976702 49.54543184178187 
164.0 48.03000942098191 49.363285115041556 
165.0 47.75901671238958 49.06550798646864 
166.0 47.39327804506373 48.969857312067646 
167.0 47.1655777685577 48.77729972096743 
168.0 47.06015231139637 48.637124555728455 
169.0 47.09768429819806 48.687547649704186 
170.0 47.022608098934704 48.69224891805536 
171.0 46.82601354031446 48.53098130504473 
172.0 46.583757378182014 48.30123875926482 
173.0 46.371007899706385 48.16623717744881 
174.0 46.114326207018486 48.02322692204406 
175.0 45.87925733436794 47.772841840883196 
176.0 45.706901597260845 47.445163744146335 
177.0 45.520829434322536 47.17433877897807 
178.0 45.26102980568665 46.92768165217782 
179.0 44.88514693981222 46.601843415457004 
180.0 44.588692750156 46.32058703275935 
181.0 44.34316570280018 46.020621515540185 
182.0 44.07005819624881 45.73153161818332 
183.0 43.82263745994151 45.44673570342296 
184.0 43.6063298283427 45.188924497332096 
185.0 43.352738368707556 44.91691032264915 
186.0 43.185188425750226 44.832905562464084 
187.0 43.05447935748319 44.81184459220069 
188.0 42.927169135753196 44.67803995146708 
189.0 42.926476686091526 44.73172696666496 
190.0 43.04265385735181 44.91178347793271 
191.0 43.158007100437956 45.10014868915658 
192.0 43.19118803801134 45.084202504913975 
193.0 43.201908409728674 45.157294043036245 
194.0 43.296298389410815 45.37816133624941 
195.0 43.45408048353362 45.61276345321411 
196.0 43.597003831494696 45.75373993487008 
197.0 43.81261685502882 45.92961589534548 
198.0 44.07055036978797 46.07831226600988 
199.0 44.13527295947176 46.066066754354296 
200.0 44.12406116854425 46.08763255173654 
201.0 44.121129715202635 46.19013394346376 
202.0 44.215188163792924 46.34658793942473 
203.0 44.372030756942706 46.301129382473 
204.0 44.48497046900957 46.1958134285377 
205.0 44.58568040722336 46.06763441353221 
206.0 44.54790651655897 46.03137051269151 
207.0 44.50246332090185 46.12100380987325 
208.0 44.64469433535644 46.25664429047558 
209.0 44.74804226490498 46.31620074045251 
210.0 44.82002846914855 46.33557987256522 
211.0 44.81580746095885 46.4617264411702 
212.0 45.024178487820606 46.52859443641896 
213.0 45.19761563692693 46.6974770086413 
214.0 45.239008797474206 46.915339222938506 
215.0 45.298749768987626 47.01230574321686 
216.0 45.423630669137246 47.06680489923189 
217.0 45.526396133291286 47.14254338454339 
218.0 45.63414690459725 47.1412781854287 
219.0 45.77560125245474 47.22555230675002 
220.0 45.941483990798126 47.12502691334177 
221.0 45.96879595844057 47.02088788502714 
222.0 46.05218000775581 46.976698788131145 
223.0 46.15757915240425 47.077694044922 
224.0 46.31834437097717 47.12588385332076 
225.0 46.32982576360541 47.06076775174027 
226.0 46.289456778818945 47.062685951913025 
227.0 46.25357727248678 47.15349291063807 
228.0 46.25280218682106 47.277888970894224 
229.0 46.269520065236385 47.438542547679766 
230.0 46.243807228165494 47.43634542803651 
231.0 46.19403644416427 47.35198189080152 
232.0 46.17007172402802 47.297405749873306 
233.0 46.104813971942235 47.26939075474838 
234.0 46.081304322653 47.21785580855753 
235.0 46.06532257277554 47.065089118890846 
236.0 46.04075097164839 46.97012076097481 
237.0 45.865345290647554 47.066281928345845 
238.0 45.670311779187564 47.061964773857426 
239.0 45.45397889740516 46.92507678853275 
240.0 45.278607648321284 46.65351409367733 
241.0 45.10656446817092 46.445965961987326 
242.0 44.939708834303495 46.09079902114816 
243.0 44.82460506064409 45.72166260303199 
244.0 44.8250185300819 45.40250862473821 
245.0 44.8185033812789 45.323666617450606 
246.0 44.749358567642105 45.13965521096824 
247.0 44.59184195689099 44.98420045181766 
248.0 44.37859629536354 44.86760756656527 
249.0 44.136115297572836 44.703679822518836 
250.0 43.910711705173696 44.39031335735125 
251.0 43.620394357435465 44.082685486623085 
252.0 43.31634846614933 43.89687978597551 
253.0 43.11144295038595 43.54038812598287 
254.0 43.0064796367644 43.10232104899247 
255.0 42.8075737477199 42.72847019644094 
256.0 42.494041103568186 42.514356646713956 
257.0 42.25933442784227 42.18897905614613 
258.0 42.02213171130419 41.79758425647889 
259.0 41.74188573699766 41.52270002884047 
260.0 41.3589366887558 41.19467352290811 
261.0 41.021707229109 40.87362335576444 
262.0 40.720395718034375 40.463257864650046 
263.0 40.49937339306259 40.16320356190204 
264.0 40.247943567642515 39.8501321986292 
265.0 39.97905578271056 39.47841689583454 
266.0 39.76179421970702 39.12720431055242 
267.0 39.459078989085256 38.77105894224967 
268.0 39.06851908945351 38.33866757408353 
269.0 38.69137946627565 37.91339718833841 
270.0 38.28740183416806 37.544112306966866 
271.0 37.917568412410844 37.20373630033476 
272.0 37.55460256924669 36.68764313712748 
273.0 37.182416164657646 36.13283708792221 
274.0 36.740068364906634 35.69157439658541 
275.0 36.24865322713666 35.29658386842351 
276.0 35.68745673610493 34.874230652479554 
277.0 35.21160673219808 34.40683469715142 
278.0 34.732463373054934 33.977496992636844 
279.0 34.2940201149886 33.59568733834918 
280.0 33.78419802650158 33.13929346996911 
281.0 33.19251437071802 32.737154493459244 
282.0 32.68079647969556 32.35898859301832 
283.0 32.118297974390714 31.9475982865631 
284.0 31.654775278549135 31.52289757566088 
285.0 31.200287353656407 30.984323016579282 
286.0 30.80430130125301 30.456294328166745 
287.0 30.45839387873444 29.91923116305297 
288.0 30.085916704425813 29.37030518573635 
289.0 29.595262300366958 28.945673866262283 
290.0 29.070635256027188 28.5997513156168 
291.0 28.593439965677007 28.298866167055174 
292.0 28.195311986104862 27.942394420008814 
293.0 27.7878281323609 27.560695196950814 
294.0 27.416498599897466 27.188037710634 
295.0 27.075613003229996 26.777786052916696 
296.0 26.609664939403032 26.431669261186936 
297.0 26.145112931184002 26.11631453831789 
298.0 25.727494076614104 25.757953540651933 
299.0 25.34112862626519 25.316671239345546 
300.0 24.936243618585017 24.91273682950334 
301.0 24.628027465701642 24.58068249817576 
302.0 24.238492438038225 24.224762681340913 
303.0 23.843815001522213 23.95933126468693 
304.0 23.477816015354115 23.705699610787665 
305.0 23.268581332747804 23.476807888124203 
306.0 23.091838229388905 23.264037828745067 
307.0 22.861949383487882 23.068305954230368 
308.0 22.50946555696952 22.889858254922828 
309.0 22.194112066524976 22.723656563769016 
310.0 21.99584789291598 22.474222085125707 
311.0 21.77275601609253 22.238424307470282 
312.0 21.590449788132773 22.029037952557356 
313.0 21.40583495223628 21.835844664959595 
314.0 21.145649827798582 21.711775612653945 
315.0 20.88002831628011 21.55732346228983 
316.0 20.63101058711659 21.468253260114306 
317.0 20.43249826949898 21.312482135215227 
318.0 20.258138710299598 21.137433837445442 
319.0 20.11271442188441 21.020274482536312 
320.0 20.0061274182733 20.799140205240377 
321.0 19.899463302214095 20.484803982931922 
322.0 19.81953638233904 20.202419156490247 
323.0 19.7039274831008 19.972864803846775 
324.0 19.58673996425903 19.734217431527775 
325.0 19.53518415816155 19.531827553789544 
326.0 19.486092009708162 19.404334252999746 
327.0 19.318372840610753 19.350827096435886 
328.0 19.173164314716388 19.21151129284374 
329.0 19.057913747064166 19.000839788698027 
330.0 19.040362345496277 18.841010058019148 
331.0 19.041490265982645 18.80980635743746 
332.0 19.013361929440254 18.720036494782725 
333.0 18.934934314816363 18.601074071846003 
334.0 18.82748248487565 18.500279959716956 
335.0 18.64651128192463 18.355150603186352 
336.0 18.521423242286062 18.266395444463996 
337.0 18.431015940373218 18.25514986863867 
338.0 18.28047474977449 18.209981519240777 
339.0 18.126942873217725 18.130627551346485 
340.0 17.967324010281285 18.05369754068084 
341.0 17.93797328081904 18.044926696568393 
342.0 17.955055917405275 18.11164818032816 
343.0 17.968151975776344 18.060929591821306 
344.0 17.90319317167543 17.9880892341019 
345.0 17.735446880701883 17.89777711925191 
346.0 17.55994820239931 17.796985024399792 
347.0 17.464125071266704 17.66908845536179 
348.0 17.394379871426292 17.574687508468283 
349.0 17.348830019043287 17.55018388833301 
350.0 17.255989985414644 17.55396983905946 
351.0 17.177676008335556 17.6079560260283 
352.0 17.09953040821411 17.54767697674042 
353.0 17.051628280059262 17.505982463374878 
354.0 16.947731492720543 17.467303046941183 
355.0 16.866356356168186 17.35864344201426 
356.0 16.773570492794747 17.274757930193292 
357.0 16.628253438961394 17.193263220117476 
358.0 16.598219066776565 17.1464458190307 
359.0 16.567364070083308 17.171343232110893 
360.0 16.485806136762676 17.236617972527974 
361.0 16.352169275220767 17.27256130506868 
362.0 16.268714044150897 17.155200748427298 
363.0 16.17709769668933 17.049844868832395 
364.0 16.07361282545119 16.95950245192416 
365.0 16.052189364413486 16.853379162515726 
366.0 16.029189499791137 16.63780384303683 
367.0 15.91664375705404 16.38926883663127 
368.0 15.753206639890688 16.209519383390365 
369.0 15.68584319856093 16.090788161903706 
370.0 15.673269242149752 15.968778572398032 
371.0 15.663981479919604 15.905967424890276 
372.0 15.588049904639687 15.875201646279395 
373.0 15.489689196460377 15.772719951423198 
374.0 15.368999224358532 15.598536356367417 
375.0 15.180786947172487 15.389826204749644 
376.0 15.021656077494663 15.270938977934915 
377.0 14.961473773279682 15.143975080255357 
378.0 14.923945970796487 15.003695696904384 
379.0 14.921072199455827 14.859263013052834 
380.0 14.827246161451841 14.74945168961228 
381.0 14.783592541091233 14.669306583608401 
382.0 14.708387299499783 14.519110166374556 
383.0 14.64198980405428 14.475694510217965 
384.0 14.558134047255331 14.416840124616263 
385.0 14.446075963533948 14.319812744863333 
386.0 14.316045105920487 14.211606929328665 
387.0 14.169679977075193 14.167668139139556 
388.0 13.992603031074289 14.115477185402389 
389.0 13.872082016847123 13.933704322962775 
390.0 13.791800944096808 13.628763488884212 
391.0 13.701636722319913 13.404756285372095 
392.0 13.616879004450672 13.264918027243976 
393.0 13.52834306131186 13.205839581514859 
394.0 13.415703521338958 13.205902947715032 
395.0 13.31495458073766 13.19264757395509 
396.0 13.256510391719376 13.121182370968098 
397.0 13.172749948978083 12.935731668154641 
398.0 13.071768183160167 12.823703811054024 
399.0 13.051555968425463 12.852169138858155 
400.0 13.008525555126026 12.783033278977134 
401.0 12.907340172777708 12.730187480529768 
402.0 12.788951146408394 12.712956936658587 
403.0 12.652826257855912 12.768128403619393 
404.0 12.525364090712786 12.880756514558032 
405.0 12.452831448259074 13.034468432583335 
406.0 12.39836810309757 13.27581606342261 
407.0 12.326524606121334 13.358435553545617 
408.0 12.272248029710193 13.343482671971737 
409.0 12.218200201657472 13.34119707482036 
410.0 12.174523357770104 13.436382300338547 
411.0 12.24951069956595 13.459194944111557 
412.0 12.328161441396839 13.385002015891008 
413.0 12.310258216873617 13.371128891998183 
414.0 12.21190699901697 13.363741826003437 
415.0 12.163537797668083 13.322220588801027 
416.0 12.081546869303807 13.282933253700277 
417.0 11.985538025898268 13.28363520274316 
418.0 11.986483269342177 13.229254128506803 
419.0 12.016890210474825 13.174281829810392 
420.0 11.96606265682013 13.109901709347916 
421.0 11.840547265199259 13.061572232157198 
422.0 11.77757859025808 12.880734675284835 
423.0 11.768208747748783 12.825576799409687 
424.0 11.79087533101082 12.83426353344535 
425.0 11.80233534494361 12.659493365306538 
426.0 11.823239605119301 12.430409612207969 
427.0 11.786083932514156 12.185250379330748 
428.0 11.712178015613542 12.042161795995508 
429.0 11.727648527962554 11.851703762232416 
430.0 11.815529253234326 11.68230331693421 
431.0 11.800104630838932 11.567938396604717 
432.0 11.713000175121627 11.481855749294917 
433.0 11.648231338437801 11.445729020337428 
434.0 11.680713845482739 11.450545615949299 
435.0 11.646116132730445 11.403795367323767 
436.0 11.522146303856646 11.4000598270252 
437.0 11.497117237086565 11.351143655064705 
438.0 11.45327550176369 11.27272485821609 
439.0 11.355937641507953 11.151207404594462 
440.0 11.277758457711371 11.071795513942494 
441.0 11.243126748625578 11.06247307501842 
442.0 11.15998951091073 11.08437110984652 
443.0 11.089666505027138 11.175195342943946 
444.0 11.032936629493317 11.290619128575589 
445.0 10.93954536825588 11.28327811954701 
446.0 10.82536231295924 11.223970913844939 
447.0 10.76773554277597 11.159500222913728 
448.0 10.817213496136272 11.15571157258403 
449.0 10.80456040290182 11.171458674604905 
450.0 10.774313198378136 11.172479507676933 
451.0 10.74828541643191 11.249539174038498 
452.0 10.697001392802113 11.31247964525634 
453.0 10.575044997991805 11.369655114990643 
454.0 10.478666852221316 11.422563246609569 
455.0 10.408881250223045 11.474599010971685 
456.0 10.38534760690929 11.44395624005557 
457.0 10.36766428402558 11.497737970406181 
458.0 10.362438568629697 11.579144322755347 
459.0 10.395724485802214 11.693335195090588 
460.0 10.432681396541813 11.729355024079162 
461.0 10.45997366203494 11.798274038289588 
462.0 10.399910936907567 11.868099845493722 
463.0 10.29268962219676 11.815544206516048 
464.0 10.2263225281435 11.818214318901854 
465.0 10.164893595419437 11.861774502242136 
466.0 10.096060365672205 11.990946783622155 
467.0 10.066895328493892 11.999369549465436 
468.0 10.02055247239746 12.005126458265261 
469.0 9.964695276420144 11.954086428079988 
470.0 9.874905795427843 11.875593634092926 
471.0 9.854372692573353 11.833773641384683 
472.0 9.867960421132851 11.765766749440566 
473.0 9.876154146089013 11.725559953169533 
474.0 9.984166105650333 11.675727480100981 
475.0 10.065042766764366 11.572998036337394 
476.0 10.10357845581289 11.495011360537502 
477.0 10.06355625664274 11.458071279464352 
478.0 10.005824971098866 11.357843876997407 
479.0 10.011549693880552 11.238951854426025 
480.0 10.00573262762557 11.090046631908248 
481.0 9.946269667964206 10.958001332535362 
482.0 9.92381281975071 10.76421216386856 
483.0 9.879620545737193 10.52204629950512 
484.0 9.817419751333853 10.339365656139117 
485.0 9.766746462302416 10.142178095762683 
486.0 9.781276202853382 9.948439231199103 
487.0 9.81087849650633 9.761415807661702 
488.0 9.773479481908193 9.656150253585828 
489.0 9.743653952867293 9.630845533870964 
490.0 9.68630291298135 9.59024008442978 
491.0 9.651778484274171 9.569156648361215 
492.0 9.66063006970208 9.567983643221183 
493.0 9.628213366100422 9.477645806511756 
494.0 9.637026437520026 9.413628459720746 
495.0 9.689032011941354 9.371259254147569 
496.0 9.736037578070976 9.347091013138007 
497.0 9.841603951359035 9.341717108444197 
498.0 9.823863249081006 9.34647069885594 
499.0 9.763607956897305 9.378210234670549 
500.0 9.679799793992876 9.348813354465813 
