ns "trace A [ADC]" "trace B [ADC]"
-500.0 0.17270548720195666 -0.4186907797860108
-499.0 0.11559077871397616 -0.37758334294418533
-498.0 0.014950795560609586 -0.5384528720595998
-497.0 -0.10990714987464005 -0.5488366416300361
-496.0 -0.06687499637795252 -0.3636312797853499
-495.0 -0.19922042087916042 -0.28776692701827367
-494.0 -0.03735810515598273 -0.18529868734855076
-493.0 -0.04358283099094399 -0.2812240055332263
-492.0 -0.10177007324718859 -0.31789885629976183
-491.0 -0.13755049000927833 -0.19462088165126734
-490.0 -0.14832282687414544 -0.12438013179449581
-489.0 0.03177530856601669 -0.07563465959548592
-488.0 -0.05456834061295366 -0.16235330462820807
-487.0 -0.17864742786666016 -0.12409503474691981
-486.0 -0.16956581292451006 -0.12101234957239466
-485.0 -0.15066241715681963 -0.17179014063126624
-484.0 -0.2812191838166907 -0.08121371289307239
-483.0 -0.2504763956841779 0.018611492153878945
-482.0 -0.20261849544147845 0.04747529887065662
-481.0 -0.07557858404988652 0.067759606750646
-480.0 -0.15329283852205253 -0.019627056507691577
-479.0 -0.12123024975795413 -0.11131163576337956
-478.0 -0.07261910173109497 -0.15337797107567985
-477.0 -0.11352662790238964 -0.0531130419680742
-476.0 -0.07134595407756274 0.11601918951695457
-475.0 -0.13434104301491742 0.14366328494555683
-474.0 -0.1071766305711351 -0.004146541153658039
-473.0 -0.1090785441452519 -0.08369390544100402
-472.0 -0.12786355097197222 -0.019667161327415184
-471.0 0.011056521611136932 0.03384098196377654
-470.0 -0.04181736477408549 0.08154501703401229
-469.0 -0.033748222281446076 0.07639186665256167
-468.0 -0.060100642785243616 0.036796351529406544
-467.0 -0.07077163308534049 -0.060354635377473695
-466.0 -0.046180402109539054 -0.0232399206615529
-465.0 -0.0589003436177386 0.08363144156449608
-464.0 0.005982146154652698 0.1287527575659031
-463.0 -0.04269390546303468 -0.012786398624030273
-462.0 -0.04674405999706357 0.02943374483684795
-461.0 -0.037702798249246494 0.0915110287501932
-460.0 0.030109342594986176 0.04605170493464584
-459.0 0.09016664430802927 0.030308378255756305
-458.0 0.12879348168889415 -0.08759610881686775
-457.0 0.11628635435951881 -0.10396145150152251
-456.0 0.14013399559858963 0.01303386796715105
-455.0 0.12100288508774838 -0.01967726592385543
-454.0 0.0019218252110179744 -0.06581304657457034
-453.0 -0.05591825141315918 -0.09013442150471489
-452.0 -0.0373209903992129 -0.08377550060196762
-451.0 -0.010454506553453287 -0.05286275876645911
-450.0 0.08884829108484564 -0.09589451377286559
-449.0 0.20438017173755813 -0.06980820406183584
-448.0 0.05573867636812511 -0.16245598294744365
-447.0 -0.09536210813279014 -0.18461393506761628
-446.0 -0.06805270691047183 -0.1988807543798359
-445.0 -0.10346483379645496 -0.1833716476632758
-444.0 0.0949173606133846 -0.17771361787074813
-443.0 0.09295527693304478 -0.29726382350754643
-442.0 -0.011642482340679177 -0.34516179361944765
-441.0 0.09070307006249798 -0.37429717900951637
-440.0 0.024113242395286307 -0.24295380937212713
-439.0 0.042638570325396925 -0.05758304318554677
-438.0 0.15644230653955607 -0.07007474698208493
-437.0 0.10599556048814575 -0.06932791069031913
-436.0 0.19847942414597491 -0.10577616299653989
-435.0 0.15496166310294074 -0.014183103267139358
-434.0 0.1884703130540323 0.13606372019229962
-433.0 0.37390324179892215 0.02885582555606278
-432.0 0.33997280522570944 0.13810660297179017
-431.0 0.2406970490272101 0.13507823896945814
-430.0 0.03532209634580658 0.07345864590862083
-429.0 -0.060131746152287835 0.06558090396855167
-428.0 -0.03996435475145708 0.0701948541466428
-427.0 0.009624871109699711 0.11538101950925078
-426.0 0.15416087258465705 0.17845032435764938
-425.0 0.11161196881541992 0.16704958514204965
-424.0 -0.060830617877002745 0.020864992181437687
-423.0 -0.1843027895636681 -0.12472316000210806
-422.0 -0.20708042849817426 -0.10105603514351054
-421.0 -0.18747197034909036 0.03349719349030542
-420.0 -0.16897056312616907 0.00940539400721218
-419.0 -0.036800301766581674 -0.3628393803185735
-418.0 -0.09397970067267296 -0.4047736215823281
-417.0 -0.2295038598124172 -0.28534070965421354
-416.0 -0.16953376493746758 -0.20016245737129462
-415.0 -0.19079733791818718 -0.125891437293561
-414.0 -0.2017777735851413 -0.20717662199738654
-413.0 -0.3226173576896717 -0.29868852894990233
-412.0 -0.497413648336008 -0.4504537768917984
-411.0 -0.30367619291208087 -0.36002802827289637
-410.0 -0.16918209980253004 -0.209556101930189
-409.0 -0.18446064688051683 -0.1046769645401928
-408.0 -0.10171653366056854 -0.014573555376247691
-407.0 -0.15020759365363034 -0.13748490802746488
-406.0 -0.42121291877969064 -0.21763539503426393
-405.0 -0.5268778962880838 -0.08095537219712377
-404.0 -0.23169630781156594 0.061208205251400666
-403.0 0.02740235895355592 0.075779107979038
-402.0 -0.03537217535993542 0.1151856090105304
-401.0 -0.08353551520492762 0.14264316759332915
-400.0 -0.22759461276392676 0.09891359900842553
-399.0 -0.17310906373064502 0.23963936507449113
-398.0 0.027250737718120414 0.3078254075290214
-397.0 0.20536523760685235 0.4068172778987491
-396.0 0.19986903313657378 0.2841324596523763
-395.0 0.13411495694111228 0.1362313393485315
-394.0 0.17133291641887638 0.2782758809281973
-393.0 0.18931284183469846 0.36301617967865746
-392.0 0.25344497246418046 0.44618416617690126
-391.0 0.5196552486798143 0.5678977224699913
-390.0 0.5653999882995908 0.3556303242779909
-389.0 0.36871643290509865 0.3242175743860585
-388.0 0.33886971302959734 0.2269222901122343
-387.0 0.33870518745033207 0.4602214865093347
-386.0 0.32899035436479573 0.6930259130192384
-385.0 0.4135100125628874 0.7333984061673332
-384.0 0.4294004949653989 0.5233726713590082
-383.0 0.49527314520184296 0.3438315946002715
-382.0 0.6070602504549086 0.4583437107440307
-381.0 0.6206353607064111 0.584903126803179
-380.0 0.6784260213380972 0.5328393205174584
-379.0 0.799411095372611 0.4661626494466606
-378.0 0.8832291823468469 0.5034473749955697
-377.0 0.7303025947712883 0.4798183092108397
-376.0 0.7841382678189898 0.41907431538795276
-375.0 0.8495850746347337 0.41777762364045384
-374.0 0.8452263408855242 0.49566395550378267
-373.0 0.780864265579323 0.28922978912374714
-372.0 0.7382446568452399 0.2915358842615846
-371.0 0.6913295811977526 0.3471215646024491
-370.0 0.6255287224907138 0.30079960505037934
-369.0 0.6955896180865704 0.5368821446662058
-368.0 0.6830222047572605 0.6293262450015983
-367.0 0.557436491284863 0.6141881007605744
-366.0 0.5336768630462931 0.5028581755775189
-365.0 0.6118688458986349 0.46791965777266203
-364.0 0.566732514690049 0.5995989262748792
-363.0 0.561868503225088 0.7842299700064215
-362.0 0.6650102018289503 0.8955176287251634
-361.0 0.8060940930479553 0.878934685327991
-360.0 0.9134266873190122 0.8701438237539192
-359.0 1.141415589726996 0.889302555367629
-358.0 1.208337061440026 0.8957698215186534
-357.0 1.2489103921339673 1.2550425003187953
-356.0 1.3560225178619674 1.3605403527695688
-355.0 1.2756103925573465 1.3308087694700448
-354.0 1.412373999282646 1.3261214671049502
-353.0 1.541257128033549 1.3538743521685483
-352.0 1.564296365853422 1.4389199495002374
-351.0 1.6882194859341835 1.5033399448416904
-350.0 1.7021515187896499 1.6555880949132193
-349.0 1.5705879497178203 1.7129000872214764
-348.0 1.537891300071393 1.5795550690579172
-347.0 1.7878858884343711 1.6023536164550614
-346.0 1.8376103210175643 1.7533041493441257
-345.0 1.7304823422703253 2.0001326790442913
-344.0 1.5824613888946044 2.054942691678595
-343.0 1.5135532430192284 1.9946030699945156
-342.0 1.5172087024725445 2.1216729050112346
-341.0 1.7117033538097854 2.1979090027502632
-340.0 1.703753486199776 2.2516275868299642
-339.0 1.7888602238579707 2.2228425797775904
-338.0 1.9240917456107625 2.1517213878186507
-337.0 2.0762362051589007 2.188475529371212
-336.0 2.2210804249401286 2.197674132047313
-335.0 2.3450059670224204 2.250133186299027
-334.0 2.3815850537580254 2.4129701811536215
-333.0 2.41225855615532 2.366076973181099
-332.0 2.4728386055581564 2.2324517681634424
-331.0 2.500807992492663 2.26628207393666
-330.0 2.7713011090033746 2.383896020367153
-329.0 3.0324913363377757 2.294032593687627
-328.0 3.045667018618624 2.3217764878735427
-327.0 2.7694353410656336 2.522548069961531
-326.0 2.6613307277405576 2.6923687099897275
-325.0 2.75832731878825 2.7476428132613004
-324.0 3.0213360333378256 2.8013212434569454
-323.0 3.13923534420669 2.8979398206102176
-322.0 3.2539187388085207 3.0152092984674783
-321.0 3.3689061496797397 3.2529375010769583
-320.0 3.1913869385693747 3.3312014612914287
-319.0 3.398842900767233 3.4059500562628315
-318.0 3.7522418776939066 3.5943782884951028
-317.0 3.906311140134769 3.901853448484788
-316.0 3.9427212605810804 4.271009768125805
-315.0 3.8050778210075866 4.346181826269017
-314.0 3.792711472570768 4.347846455387647
-313.0 3.8149519891393213 4.174383268564107
-312.0 3.872088084559651 4.139795694902081
-311.0 4.128872275279723 4.169449944780168
-310.0 4.280661297724152 4.078735860300186
-309.0 4.249890120975262 4.044609994491355
-308.0 4.147932747820605 3.8389870326953393
-307.0 4.299912576561054 3.8430262793889898
-306.0 4.592929879542917 4.024594427877877
-305.0 4.754937469057631 4.202953226688894
-304.0 4.677750348184913 4.5016348487673925
-303.0 4.790345044011388 4.597924759813549
-302.0 4.803332687979438 4.789916366943587
-301.0 4.7251012404863735 5.084711751493033
-300.0 4.898149845031333 5.294778498088268
-299.0 5.283534658554138 5.323371370427494
-298.0 5.394982072361033 5.305544735420823
-297.0 5.207133297208348 5.37975068380089
-296.0 5.128558805861261 5.506167349841843
-295.0 5.164552585893641 5.4426671773127415
-294.0 5.442773009603294 5.4892584952548695
-293.0 5.420733255522652 5.5723789353229956
-292.0 5.185442130941767 5.841932924357682
-291.0 5.099091913564631 5.849705972031802
-290.0 5.126567874138749 5.907137021203434
-289.0 5.173725196661205 5.730974364479994
-288.0 5.395665427019553 5.927465829189145
-287.0 5.525197443980337 6.135241170962395
-286.0 5.436561037053679 5.991293556168734
-285.0 5.285847245526829 6.07035541337152
-284.0 5.291114008748718 6.589360578282141
-283.0 5.474621343511399 6.854281316621316
-282.0 5.702143476517793 6.773322697263714
-281.0 5.710275133219592 6.727807806977447
-280.0 5.733018603222859 6.667284106041972
-279.0 6.103086200745829 6.519757178711355
-278.0 6.247175552645298 6.406498970273114
-277.0 6.473974612603108 6.46306909465844
-276.0 7.068219598542534 6.662446118216576
-275.0 7.225360514407607 6.842347596162553
-274.0 7.058355136685038 7.092072839932247
-273.0 7.198463871913436 7.138390751673305
-272.0 7.2644353127686685 7.2364397545121
-271.0 7.404406116397006 7.208448269442267
-270.0 7.462398856512805 7.457440325436444
-269.0 7.553382572463928 7.475596817169515
-268.0 7.581217735189009 7.444695440658132
-267.0 7.63531988214854 7.3669818738049315
-266.0 7.660043756705525 7.526702270810238
-265.0 7.782091000925759 7.971236186530499
-264.0 7.953247109204791 8.297701855834234
-263.0 8.008622560941863 8.461503680151646
-262.0 7.955520104667157 8.434517339409156
-261.0 8.12556378635543 8.358775237452269
-260.0 8.131866528060646 8.643464024513351
-259.0 8.107922942965224 9.243151895180535
-258.0 8.110374443595846 9.42946739386287
-257.0 7.991792967351663 9.329584835897313
-256.0 7.955076409584897 9.201526159827898
-255.0 7.851023617878159 9.148036646105783
-254.0 8.021375720317558 9.373666297463735
-253.0 8.449088861989951 9.34017918927853
-252.0 8.589654364997864 9.45437988689179
-251.0 8.674976772843726 9.489489407827012
-250.0 8.708418228915635 9.48592706649281
-249.0 8.714030294948664 9.351844329069975
-248.0 8.610600311939702 9.391023373574367
-247.0 8.536348644697846 9.497969265265075
-246.0 8.70431268260853 9.43849029955124
-245.0 8.999514003788594 9.422570950657848
-244.0 9.07046955690869 9.35463934352612
-243.0 9.05892225456438 9.129254379525182
-242.0 9.05215940121879 9.07350102107136
-241.0 9.131833623066132 9.137237641908742
-240.0 9.064550760401595 9.218414647424526
-239.0 9.044047723002635 9.122794463241748
-238.0 9.239961434474662 9.04707617425043
-237.0 9.328308057603385 9.11553145556607
-236.0 9.278368973489624 9.534728770305795
-235.0 9.283280396372028 10.082637806870208
-234.0 9.286795350640618 10.380316098289255
-233.0 9.234781213350786 10.401101320190827
-232.0 9.237386653652365 10.287886457551247
-231.0 9.389606604302088 10.147157272761753
-230.0 9.624381968019073 10.26470497023651
-229.0 9.64521578931496 10.412410195405435
-228.0 9.846042771487198 10.440431614052864
-227.0 9.853327772159163 10.37859489809925
-226.0 9.832752327413443 10.334936406739017
-225.0 9.742818165291693 10.346552565894543
-224.0 9.738827567492313 10.4984076040734
-223.0 9.756707764163815 10.365927838974178
-222.0 9.597714418340443 10.30243114654334
-221.0 9.220988708321988 10.311591446222506
-220.0 9.12914047839499 10.562718003283361
-219.0 9.331817891491216 10.876400700381147
-218.0 9.636348709014735 11.064785852188399
-217.0 9.52432296563916 11.081456328250988
-216.0 9.536305809819485 11.057045254715362
-215.0 9.58977463180101 11.032103140513433
-214.0 9.4048568302387 11.213845209629417
-213.0 9.574016079822986 11.373904243850308
-212.0 10.014045173091299 11.296914452535784
-211.0 10.274979572307805 11.23270309397895
-210.0 10.296115464183192 11.138933110792944
-209.0 10.203332407828992 11.303492769721
-208.0 10.239106373476131 11.064343838896086
-207.0 10.221005292669584 11.1227358513013
-206.0 10.260748110684842 11.108732374059002
-205.0 10.134032955854622 10.813159588034692
-204.0 10.016380004828251 10.600939278429195
-203.0 9.729389532644257 10.686245633464523
-202.0 9.610228727870263 10.593418767033501
-201.0 9.692595292627372 10.314950273133077
-200.0 9.721347075506415 10.3198574289414
-199.0 9.755509274992855 10.49839875658023
-198.0 9.74980450221579 10.5768926172122
-197.0 9.845354491412587 10.770959450820433
-196.0 10.016680082891614 10.757809551883414
-195.0 9.9492636544513 10.868036936928306
-194.0 9.942326230334576 10.949947846108737
-193.0 9.958716384568037 10.735377542545647
-192.0 9.746457016166145 10.26105310763369
-191.0 9.644505650958745 9.856768207276232
-190.0 9.87332439514288 9.763097283676633
-189.0 9.981954543475979 10.121920859509324
-188.0 10.23768434323939 10.213899096288744
-187.0 10.20804501130672 10.41915265147906
-186.0 10.322772439105426 10.754097111242864
-185.0 10.28725560883381 10.813530859142446
-184.0 10.199336974268263 10.852921512514413
-183.0 10.293649656198207 10.96249529192143
-182.0 10.259642395418165 11.179400639482845
-181.0 10.232798013872868 11.226091506239634
-180.0 10.09090733920964 11.11386618959566
-179.0 10.002420000615908 11.412398996610042
-178.0 9.680682677695659 11.671146032120843
-177.0 9.412646263056928 11.775608611893938
-176.0 9.356119233271912 11.993940742519174
-175.0 9.79448487458571 12.169460321874821
-174.0 10.125346562662742 12.023397448131558
-173.0 10.176603825120923 12.109771013371285
-172.0 10.16128879241417 12.151166558647436
-171.0 10.105705462369933 11.965307569058679
-170.0 9.928530024812739 11.959673231977822
-169.0 9.911616025295237 11.835670404263766
-168.0 10.029594409752335 11.716037182636308
-167.0 9.916846415257424 11.697559259375229
-166.0 9.791548399082597 11.60703000481202
-165.0 9.698239407426074 11.34592763766291
-164.0 9.52622347014949 11.294714031248866
-163.0 9.645903807855639 11.22769507093557
-162.0 9.708022601464462 11.353140902168748
-161.0 9.676821651071187 11.478803010367312
-160.0 9.69455203845714 11.414158697229167
-159.0 10.165419450351852 11.542359666718635
-158.0 10.645481508089729 11.801078346328401
-157.0 10.715395844481646 11.985808504470443
-156.0 10.745402167613122 12.084628953910897
-155.0 10.612867173933788 12.173138140616006
-154.0 10.462858770193005 12.210280229805722
-153.0 10.241987790858694 12.119310372001133
-152.0 10.1118264626969 12.007227098855031
-151.0 10.310837199675452 12.159083398098618
-150.0 10.481259435181371 11.982997916524416
-149.0 10.433406803502335 11.726906274668552
-148.0 10.514764169811068 11.784123831461665
-147.0 10.58927148228475 12.400724541976187
-146.0 10.54655203389267 12.676721307905417
-145.0 10.411971905260849 12.644560471147239
-144.0 10.577059488085695 12.461551721671263
-143.0 10.641172308264553 12.654945086792093
-142.0 10.49945218970532 12.85046602602089
-141.0 10.362864790367425 12.817303843617596
-140.0 10.39433588757891 12.704842885272052
-139.0 10.434326938878211 12.795375711601967
-138.0 10.578258517224187 12.714358547821437
-137.0 10.891952986291805 12.413327136583437
-136.0 11.37264523465834 12.237585425862926
-135.0 11.4485686978518 12.188914929689982
-134.0 11.441560584955372 12.530644351941978
-133.0 11.53191163328686 12.793052016445076
-132.0 11.59128250640568 13.332036483748954
-131.0 11.818768271080204 13.823084006206296
-130.0 11.872301484485163 13.814868401756508
-129.0 11.777605889773794 13.407179499955985
-128.0 11.613643258402472 12.972137275166496
-127.0 11.761227160802624 13.011029527040241
-126.0 12.21334895057775 13.192083625667323
-125.0 12.3462717279649 13.47841548894654
-124.0 12.101625931449163 13.512361694129622
-123.0 11.778146536418307 13.448700405979341
-122.0 11.537319874497301 13.741069492037598
-121.0 11.673809833182917 14.152339777021115
-120.0 11.693707789761861 14.287791369175624
-119.0 11.883019158362908 14.339379956907317
-118.0 11.876374176763882 14.217134621226718
-117.0 11.927850638039757 13.993234399807855
-116.0 11.946588183667808 13.788074179883248
-115.0 12.11738544533225 13.62484992408921
-114.0 12.406848040371006 13.696667926656783
-113.0 12.493924144778912 13.937383004780793
-112.0 12.185893874502327 14.327847315956411
-111.0 11.882925819421661 14.435050418693532
-110.0 11.607992299187703 14.721272169806378
-109.0 11.511118108626304 14.960445389762155
-108.0 11.817629952592284 14.773586027598137
-107.0 12.210039387796751 14.5579385115851
-106.0 12.745511925081045 14.657263456802959
-105.0 13.023223357118178 14.764385970672063
-104.0 13.366223126827286 14.825493134650232
-103.0 13.798754796962013 15.027971340953213
-102.0 14.13908335728735 15.46025746084099
-101.0 14.524651563006877 16.416606684855193
-100.0 14.964074222058091 17.823001765444747
-99.0 15.967949735582955 18.96992476600864
-98.0 17.506865422881667 20.398114490157802
-97.0 20.065169845610576 22.984183563086663
-96.0 24.104625863596308 27.51012182207357
-95.0 29.42535058997471 34.16854183078989
-94.0 35.91997895945681 42.23405702831857
-93.0 44.059999475142966 51.323520949042646
-92.0 53.82286985620746 61.5181085825756
-91.0 64.78077964302292 73.3069711736121
-90.0 76.50517451079732 86.87740823386703
-89.0 88.95508526526174 101.2978756309875
-88.0 101.49370481352173 115.6707179610784
-87.0 112.33384978253069 129.2211470504672
-86.0 121.44131935000705 139.45340417214592
-85.0 128.08855423307457 145.259584180804
-84.0 132.3107110638831 147.63052597741827
-83.0 134.50692900742192 148.30050633688757
-82.0 135.7175636430658 149.0572267169636
-81.0 137.2748135745654 151.8429258829452
-80.0 141.14954136881587 158.07387198155482
-79.0 149.4418938876244 168.71859480904328
-78.0 163.94070819507368 185.06687884730334
-77.0 187.0477924876723 210.11483733196405
-76.0 219.9869635942217 246.5371240543063
-75.0 264.37801688705326 297.249539798559
-74.0 320.5143138628874 362.49603335207337
-73.0 389.02527008210586 440.58034500366733
-72.0 467.39980693011535 531.1574459375041
-71.0 554.3929490938363 632.7031530014543
-70.0 646.8236544363342 741.8049990374637
-69.0 740.9401426933493 852.9160987280227
-68.0 832.7601200849596 958.1823265617866
-67.0 918.0498330277608 1054.2606049274962
-66.0 992.1540717730713 1139.4963466422619
-65.0 1052.9432693467475 1209.5433329845114
-64.0 1097.6528343197754 1259.64424948593
-63.0 1125.8276095846595 1290.4206281924887
-62.0 1138.1172790509959 1305.5759883993646
-61.0 1136.7781038653764 1306.9618485837157
-60.0 1126.520568951947 1293.8711608118604
-59.0 1110.6171002023384 1268.990335513021
-58.0 1091.0757381344708 1242.873548820248
-57.0 1066.5379874116034 1215.4678183967221
-56.0 1041.3229270680279 1187.2283074952302
-55.0 1017.7098930070899 1159.187619107426
-54.0 997.4085547006973 1133.036109142026
-53.0 977.3215686569282 1108.2448553426782
-52.0 957.6109313748395 1087.210326296386
-51.0 940.9352242033239 1067.9956341045722
-50.0 926.7744463717311 1051.814220059778
-49.0 913.0110999739492 1035.810023731472
-48.0 898.6691548246615 1021.8679689914884
-47.0 886.5209179674857 1010.3700716332049
-46.0 875.3768769092623 1001.2426583184458
-45.0 865.2122478504908 991.4805589234128
-44.0 856.6607749946319 980.3121245250097
-43.0 850.3755919251613 971.9704682322456
-42.0 845.979718785918 967.0643712231422
-41.0 842.8249826311568 963.7327214746048
-40.0 840.7917654753742 960.713746794611
-39.0 841.4056783705522 959.9052305347203
-38.0 843.4065858202385 963.0220025965478
-37.0 847.8523620002595 967.875180795033
-36.0 855.0061286494288 974.1940565777961
-35.0 862.3115049904983 983.821341023109
-34.0 872.2624016451914 997.7681409211115
-33.0 884.1899194976584 1011.625435188285
-32.0 899.188344090106 1027.0396757334731
-31.0 917.7912916306827 1047.8495238930361
-30.0 941.3053933871554 1074.6824837182203
-29.0 969.5145270904306 1106.8406749426583
-28.0 1002.3352825994634 1145.1220664717273
-27.0 1038.6087226062912 1189.2796519626297
-26.0 1079.7832253395222 1237.770384163777
-25.0 1125.1598125578669 1292.610409465219
-24.0 1176.6655687424416 1354.7850775623635
-23.0 1234.008447442094 1425.320475057635
-22.0 1297.5762835118223 1501.8908416316467
-21.0 1369.2938299838875 1583.5235527418913
-20.0 1446.9046739562605 1669.5367895671618
-19.0 1529.287463899947 1760.6652712369607
-18.0 1614.8143509478712 1856.3376309633868
-17.0 1704.4255645422772 1956.9721089529505
-16.0 1795.65655104589 2062.4206402939226
-15.0 1887.695622776695 2173.8298634468847
-14.0 1979.4609031865436 2287.2044790554824
-13.0 2071.7958660259624 2395.856169936565
-12.0 2162.1678710111437 2500.1734898963455
-11.0 2248.760101582841 2600.9142971789197
-10.0 2330.9114468399275 2697.11446200756
-9.0 2408.9997743688446 2786.212350003571
-8.0 2481.3847085926045 2870.007629955819
-7.0 2547.6777130168375 2944.7420489519973
-6.0 2607.285526874503 3008.3690571698785
-5.0 2660.0216938583503 3062.5576625851645
-4.0 2704.6524229940082 3112.0667604116234
-3.0 2737.08455911346 3154.499946978641
-2.0 2758.6164953827492 3183.5828754370714
-1.0 2771.2390389111088 3198.326030616572
0.0 2775.0932608304706 3204.559035679424
1.0 2769.945071586586 3201.6315889725333
2.0 2760.9345392381715 3189.032529170164
3.0 2746.643311173711 3167.992443834753
4.0 2722.7061448379254 3141.1916471740064
5.0 2689.437129701324 3103.741242451149
6.0 2653.4507113150294 3057.5521891781473
7.0 2610.753745827235 3005.1368205459466
8.0 2559.943713798028 2947.774083914644
9.0 2503.007745382705 2882.2083576480386
10.0 2439.492312156612 2809.6587865283163
11.0 2371.1551015540176 2727.2561234959344
12.0 2298.827498965731 2640.2910254056032
13.0 2223.3898797040124 2550.2420647452504
14.0 2144.7845488049743 2460.0547805336746
15.0 2064.6210152149038 2366.343327167244
16.0 1983.0391193265898 2272.767768841127
17.0 1905.4527486589088 2180.0823444681673
18.0 1829.5131244992947 2088.9941855744014
19.0 1755.0391202389212 2002.522676512322
20.0 1679.691972477543 1919.1690981546196
21.0 1606.5921298250114 1837.5283273770217
22.0 1536.4208262785519 1755.639150520887
23.0 1470.85326333636 1678.2433164688744
24.0 1409.9211646007948 1603.4753805474127
25.0 1352.4322441079216 1532.3090049973273
26.0 1297.2274695621024 1463.986795955165
27.0 1243.1954152551798 1401.6959725804845
28.0 1193.3131277898228 1347.0136416270202
29.0 1149.2226008125385 1298.1454814041545
30.0 1111.4834809273077 1254.4776147532066
31.0 1077.4851766340216 1215.7317266431808
32.0 1047.0275985254111 1182.2485647956553
33.0 1020.4135283608371 1152.2330330132334
34.0 997.5457548401301 1125.4490550409635
35.0 977.5623559934805 1102.485020994231
36.0 961.4721167526158 1082.6266711526084
37.0 946.9595024649842 1065.6092440176044
38.0 932.8970638649048 1050.5434008086904
39.0 919.828343643059 1035.2296871213046
40.0 908.0729402307691 1020.9457430171915
41.0 897.7869800679872 1009.0767947027973
42.0 890.6760116697066 1000.2475628457825
43.0 885.3281854877978 993.3940218750789
44.0 880.6041390846857 987.4000396502256
45.0 877.7798813552331 984.9680284852539
46.0 879.3087790045505 987.4102041929307
47.0 885.1981120963045 994.9797636631915
48.0 894.237422612363 1004.2861989117731
49.0 904.8279292820032 1018.1875069002307
50.0 917.9492275890599 1033.1053461069653
51.0 932.3475191942913 1047.9101601456398
52.0 946.2762481791767 1063.725682551968
53.0 958.3098863526396 1079.611739014102
54.0 968.0697091143992 1090.8874372904447
55.0 973.524957570412 1093.9274470262708
56.0 970.0978704494514 1088.4852790672685
57.0 956.7174382367376 1074.9832872652116
58.0 934.1247375902306 1050.5033821238392
59.0 902.0385626747741 1012.0857342687325
60.0 860.1908516013162 962.0905702865297
61.0 808.6170221315657 901.035099550656
62.0 751.2313084813104 833.475775290815
63.0 692.4221631246257 765.2192510276531
64.0 635.0267760628125 700.9055654929232
65.0 582.571794125 642.1861231967582
66.0 536.6686495139218 589.4160623311739
67.0 497.00858923355355 544.4315280896175
68.0 463.28747410178784 506.52239131653664
69.0 435.8170178021584 475.234810814557
70.0 414.4700735604162 449.6849396393975
71.0 396.82475296107094 428.9492670210119
72.0 382.19692933086355 411.27587682501166
73.0 370.02853704925286 397.5106282509697
74.0 359.3860568810575 386.6124952888371
75.0 350.8374687471146 377.121078783638
76.0 342.69818917502397 368.5266163669407
77.0 334.51723881686553 360.7944937400417
78.0 326.5544069316196 352.8817280231621
79.0 319.0569797773027 343.30499273353263
80.0 309.88968926497614 332.75489492323914
81.0 297.77876869056286 320.62651152896586
82.0 283.88337797889824 306.99882454892463
83.0 270.0290441962365 293.2288172128338
84.0 255.949784608854 279.6625260704737
85.0 242.98192417826482 266.6776902600354
86.0 231.1214538245313 254.76633381837996
87.0 220.0675822273911 243.04835621752474
88.0 210.203939366232 232.38452809139415
89.0 201.7464203090457 223.67116436653183
90.0 194.66393986041106 215.89023701548993
91.0 189.03180370866156 208.87365724131038
92.0 184.40260352745165 203.44431358986202
93.0 179.90429798754963 198.90891100983163
94.0 175.4721299639286 194.3803326781737
95.0 171.48880807589387 190.22951125157857
96.0 167.75283010236706 185.88557479453746
97.0 163.92348618955737 180.8438065386843
98.0 160.3654429780703 176.4468299485621
99.0 157.21108864814204 173.13638243692768
100.0 153.93170230622167 169.78647974174672
101.0 150.54609182276226 167.06559093662426
102.0 147.6548691120688 164.22009149928243
103.0 145.12854245659503 161.2604591663126
104.0 143.33208750488885 157.70555370798405
105.0 140.70858114978702 154.7384453629592
106.0 137.79064775978304 151.60573184130354
107.0 135.19888460499982 148.89831623191205
108.0 132.90175299482257 146.72413298932725
109.0 130.89094424664054 144.65693106809834
110.0 129.01629020687665 142.28672960853052
111.0 127.37559234499984 139.631578260229
112.0 125.37368725700149 136.80605826197183
113.0 122.99519649081418 134.08837934705855
114.0 120.54615602703068 131.03037211242406
115.0 118.84635254889173 128.20188248157967
116.0 117.26848793125119 125.44812214968046
117.0 115.29254584529278 122.11427998160536
118.0 113.22964594100719 119.52255620686577
119.0 110.51638137631139 117.38960907376578
120.0 107.29060984065451 115.59793948915664
121.0 104.17908760498321 114.03186590062143
122.0 101.63171027279006 112.36798550028759
123.0 99.24159644945622 110.4679706413874
124.0 97.02521945871644 108.50917519324598
125.0 94.68353962938237 106.21073896909246
126.0 92.24243731602681 103.9805160033626
127.0 89.67991702670362 101.74127067803491
128.0 87.33689645938358 99.6870528467187
129.0 85.01767368397886 97.75130430466653
130.0 82.41384443056475 95.65302114978282
131.0 79.89595709642501 93.83447777355856
132.0 77.32202007089263 91.57171521663822
133.0 74.50544403554925 89.92569526431286
134.0 71.72459614089401 87.93728796417354
135.0 69.46563395153332 85.75643687047521
136.0 67.70519867339873 83.0538566676464
137.0 65.62094989403299 80.13331414028897
138.0 63.44797752330493 77.1631155242951
139.0 61.950808238493195 74.01565177218649
140.0 60.69705154373664 70.42743628091912
141.0 59.16768616767286 66.92809240464665
142.0 57.28741415397512 63.90655638566044
143.0 55.64864664076813 61.68938264838628
144.0 54.543226360105955 60.007845196379286
145.0 54.016283196587054 58.35716977231734
146.0 53.25156981835893 57.04976097282879
147.0 52.25301119025144 56.395709766918195
148.0 51.611506565919676 56.49718189189825
149.0 51.50899344216367 56.156540325959334
150.0 51.30482387515862 55.67852977030963
151.0 51.26953379250652 55.06709028752172
152.0 51.38339482579482 54.74808318445974
153.0 51.52454634112839 54.44276265948564
154.0 51.1434555647474 53.5024586345924
155.0 50.75047084921066 52.47458131462516
156.0 50.6984267204026 52.25166628023448
157.0 51.05404777634004 53.049634412168984
158.0 51.15037265946734 53.707216927567316
159.0 51.10772401312637 53.69879440194436
160.0 51.087768493350914 53.705758884204826
161.0 51.151287989857394 53.99551128696769
162.0 51.275704151301376 54.631071400604455
163.0 51.494970278187786 54.4908945150209
164.0 51.436168675538305 54.12089926036295
165.0 51.46806375419185 53.42604346536567
166.0 51.676326503010834 53.69814883295596
167.0 51.927204184624244 53.67200520638421
168.0 51.94602851372864 53.71287357671497
169.0 52.02469007503065 54.042678809047906
170.0 51.715244621415565 53.913968184632616
171.0 51.093718749467 53.19314813418218
172.0 50.79076929917008 52.64556408506171
173.0 50.583571436443805 52.86236203626011
174.0 50.21155198150543 53.0985472320892
175.0 50.35350720004182 53.002344812661335
176.0 50.72036290677038 52.50037060466051
177.0 50.610859319774676 52.13089544534809
178.0 50.14578825772084 51.83292477818602
179.0 49.817792743631685 52.331942633954306
180.0 49.78343998666472 53.350326253363704
181.0 49.87517752563849 53.8848141667904
182.0 49.63663720158784 53.64082908702469
183.0 49.56628918966882 53.52708678813333
184.0 48.90651691047834 53.28733842814516
185.0 47.66316608476808 52.590539421693585
186.0 46.65162131487815 51.66823481503801
187.0 45.634880703452616 50.75886572312443
188.0 44.352739623924876 49.66890034493534
189.0 43.31104023999132 48.4881209555691
190.0 42.95929290361935 47.33484591267553
191.0 42.50402580648007 47.27795659071452
192.0 41.99948540320747 47.097592723268946
193.0 41.86119077023653 46.69081839218942
194.0 42.13642175233742 46.730380899528825
195.0 42.42560415514595 47.42625904490268
196.0 42.76538972472193 47.465258655521176
197.0 43.045448742172596 47.9453710230133
198.0 43.742039212810795 48.804840166021314
199.0 44.43232245172864 49.62178745232596
200.0 44.542788542984546 49.932297143908826
201.0 44.54311743503512 49.72927485206648
202.0 44.92849336503336 49.68392724660444
203.0 45.57151311405507 49.665992099343384
204.0 46.104482156248416 49.73585896561141
205.0 46.85410118816674 49.73576095100245
206.0 47.19265509923135 50.215046927618666
207.0 47.267465524351714 51.05491344163594
208.0 47.393741200919564 50.92640372030008
209.0 47.39498206665781 50.3234538779787
210.0 47.359248851925365 49.850783053965074
211.0 47.55828155525206 49.9099796884784
212.0 48.3251723799774 50.062780203488245
213.0 48.697307227939845 50.243651475559275
214.0 48.91037214226166 50.26832804642588
215.0 48.81675833697617 50.425926754695666
216.0 48.65453785016994 50.90455686574804
217.0 48.646040878123166 51.39193523794788
218.0 49.016289497767254 51.81583426685834
219.0 49.39773414853397 51.70851566520318
220.0 49.93813809553796 51.334597516147944
221.0 49.94183472135289 51.17073727135789
222.0 50.01319395015198 51.199804395911244
223.0 50.11076019745453 51.16526014156178
224.0 50.389771475216165 50.9946284873024
225.0 50.31655555359149 50.874617632671374
226.0 50.283524463613674 50.88444145006218
227.0 50.170959249193864 50.720612598454245
228.0 50.12787727444111 50.99267658634188
229.0 50.16654709830662 52.12512907065268
230.0 50.391829820607875 53.009245252074486
231.0 50.090260569664174 53.20684796430861
232.0 49.678520210549955 52.634914841104965
233.0 48.97638384807822 52.07378877401505
234.0 49.007911109069155 51.567680029200986
235.0 49.373380368930256 51.18954219836503
236.0 49.41751397048851 50.77667216846524
237.0 49.34734121110033 50.74473787326793
238.0 49.00232171990302 50.46576601545658
239.0 48.88546196356152 50.259426890759435
240.0 48.672162738321525 50.347098446446154
241.0 48.56634588703692 50.519283454477495
242.0 48.585059402765545 50.480325725363166
243.0 48.673631367409946 50.545193775038896
244.0 48.43732157320113 50.62943268542939
245.0 48.39195684810053 50.79437933157798
246.0 48.5852945454238 50.83924584374329
247.0 48.63734078934351 50.625709253845635
248.0 48.75633414710135 51.14924708615953
249.0 48.5006647794937 51.90779947894738
250.0 48.18158945064567 52.29516735450397
251.0 47.58413330159929 52.175510191260976
252.0 47.34289284728409 52.372428360814666
253.0 47.35678623505117 52.131293211870215
254.0 47.4113645601002 51.760948976609235
255.0 47.161541800007576 51.406480602127004
256.0 47.005263916989485 51.34584272739199
257.0 47.3781478747297 50.44290858354627
258.0 47.615713975769175 49.45466159941868
259.0 47.18786778946381 48.9773996403925
260.0 46.70312779191331 48.610951903006196
261.0 46.638050188540795 48.411848093465025
262.0 46.920573054529136 48.087036174572106
263.0 46.762028017569186 48.016576836038766
264.0 47.05162436670801 47.83800969234301
265.0 47.39135070962476 47.45006303753717
266.0 47.085025704640515 47.36723004370251
267.0 46.80117524430687 46.99342051275501
268.0 46.70446198941951 45.86410857757219
269.0 46.92663298467301 45.201293294306225
270.0 46.83641066910456 44.82033311373608
271.0 46.813910781187126 44.56199675585726
272.0 46.65698295865334 44.53248873389443
273.0 46.54353531267453 45.34264804549513
274.0 46.1147883438169 46.27122859163597
275.0 45.687888508591875 46.075312641209614
276.0 44.765936444275084 45.87254652587603
277.0 44.2806522176629 45.5215933155003
278.0 43.50493269748434 44.93744389980609
279.0 42.88682315608528 44.247734278362856
280.0 42.24546649623207 43.47518824871701
281.0 42.16860079095692 42.80097300854874
282.0 41.84064939915534 42.137679214057925
283.0 41.216522094066676 41.61112193928113
284.0 40.609506241622505 40.760736998710684
285.0 40.24705227359601 40.11330385113704
286.0 39.99232750946123 39.700376334625055
287.0 39.84651190037845 39.315445162856534
288.0 39.62770259074581 38.86231361162889
289.0 39.20824392024872 38.059199862899284
290.0 38.78229870037429 37.47836771755065
291.0 38.196419899157135 37.02031032451735
292.0 37.62891621897828 36.39005076426673
293.0 36.91831253930586 35.56601222227162
294.0 36.1374586736447 34.73547546632107
295.0 35.313049462755615 34.24320825548844
296.0 34.329286769186524 34.09296624036351
297.0 33.72306635903859 33.800192249788466
298.0 33.05320954036972 33.201103669459535
299.0 32.199923681588 32.558777217348165
300.0 31.604937956887422 31.744301449314126
301.0 31.595689194598258 31.09589048949209
302.0 31.34807632038462 30.54176561307471
303.0 30.790219530837348 30.47284041122428
304.0 29.92874388342822 30.15228991796187
305.0 29.221503469484233 29.620040984027614
306.0 28.798196120657373 29.436913717842693
307.0 28.509364703287947 29.27073604284279
308.0 28.01303495149887 28.971661137947123
309.0 27.59044398127226 28.451777239299755
310.0 27.189537382864174 28.276226596500727
311.0 26.85982671708878 28.002254250290694
312.0 26.819918363179482 27.35912947521693
313.0 26.3677816995724 26.861878705777727
314.0 25.517148456501218 26.71236082359491
315.0 24.345075928161904 26.77953307912375
316.0 23.48496643487876 26.93209168239394
317.0 23.0297116400872 26.774819755426183
318.0 22.875671103060803 26.18502453535752
319.0 22.669482216402738 25.912590360617134
320.0 22.36143672302174 25.165701660961272
321.0 22.560288819500407 24.324091133884068
322.0 23.047058450254493 23.399103428317783
323.0 23.43463224414681 22.651193102759226
324.0 23.608916704527964 22.23276861282916
325.0 23.23635069141259 22.176590099996645
326.0 22.516162665389484 22.236462439415273
327.0 22.0113712751811 22.096007986089248
328.0 21.706543165010757 21.76748199989134
329.0 21.435737499345002 20.971677267178798
330.0 21.32684279973116 20.30758925934294
331.0 21.345921722872085 19.934758069750863
332.0 21.402061241032516 19.78607520527427
333.0 21.25218107464751 19.98217854790113
334.0 21.16241882626275 20.335751709450644
335.0 21.395903732528218 20.592349232219114
336.0 21.3950562603895 20.440479690376893
337.0 21.030721303311406 20.29620109456048
338.0 20.42055985377659 20.407223314532548
339.0 20.036039721909123 20.685016796597687
340.0 19.753263482992494 20.615925981217984
341.0 19.76775627490082 20.331685198838656
342.0 19.940429799770797 20.496016522981545
343.0 20.24788682122643 20.41572019141901
344.0 20.173039777230183 20.13518993372076
345.0 19.855866516578462 20.050231368336313
346.0 19.644092285442184 19.926295069798442
347.0 19.65446232702548 19.29797027688739
348.0 19.723068221451584 19.0515803380624
349.0 19.890638373626533 18.97659458157685
350.0 19.759408137292265 18.61115057986468
351.0 19.53573204881086 18.50893230484757
352.0 19.16825045790032 18.73054404950535
353.0 18.891325628736258 19.118361241843584
354.0 18.554117036959163 19.463827392431977
355.0 18.223372947504597 19.599247065468404
356.0 17.964961915436948 19.775112299889592
357.0 17.8050488282635 19.531628046684038
358.0 18.086397430877447 19.54069883811053
359.0 18.25555406473093 19.409059341009907
360.0 18.08306283585685 18.919669813557416
361.0 17.624745863675777 18.354329252889393
362.0 17.38372786087437 18.29763560268839
363.0 17.507913595214514 18.730477257605653
364.0 17.506054904586474 19.074875922702084
365.0 17.381414394252687 18.988659650556283
366.0 17.265570069294597 18.57659065916001
367.0 17.241538253322535 18.25733379582245
368.0 17.10846040970098 17.938548441330067
369.0 16.967767684882933 17.66563469554868
370.0 17.324812868538036 17.337600480233547
371.0 17.706798516562344 17.202337667369164
372.0 17.853687167131348 17.060708770544444
373.0 17.786751816449478 17.04250349410671
374.0 17.321824799862803 17.284644082601485
375.0 16.471856889825993 17.514865585568728
376.0 15.965389159910742 17.644627617084254
377.0 15.747068593671514 17.34399605345723
378.0 15.723262675946005 17.031366076195212
379.0 15.695396827878346 16.646037334661678
380.0 15.619943740277064 16.036531957898312
381.0 15.856432302987207 15.605881622719716
382.0 15.924785163833512 15.06767105968061
383.0 15.803604791778223 14.831244281442249
384.0 15.849424174503197 14.86889758532119
385.0 15.989477952479508 14.85692577589911
386.0 15.989707195357562 14.68966815229257
387.0 15.774945169120597 14.68897604985764
388.0 15.627671705405383 14.82169845179226
389.0 15.460084881642711 14.693973602650281
390.0 15.006853537264375 14.373585628284022
391.0 14.681026294253217 14.431213907461345
392.0 14.675861376742343 14.629733339359197
393.0 14.815667436138776 14.695068908208514
394.0 14.770754957657076 14.912152289309343
395.0 14.911844527702437 14.928417378785989
396.0 14.858985273344013 14.570551716445358
397.0 14.61741947021029 13.97050727141708
398.0 14.195813219525574 13.896702940439935
399.0 13.818978122727131 14.291372379966102
400.0 13.667235396163575 14.32623395511016
401.0 13.725246155597922 14.381845975355848
402.0 14.091314512455508 14.234228218629797
403.0 14.197829545431162 14.032150602745213
404.0 14.503777527500642 13.97016088922703
405.0 14.596625586092621 13.764628355453924
406.0 14.6914141915945 13.778444509367928
407.0 14.536904663925629 13.881184723050792
408.0 14.395241849295326 14.283123008300295
409.0 14.246775792758541 14.615741448707672
410.0 14.147303593421798 14.807067946558991
411.0 14.057110941559039 15.031671558380816
412.0 13.937816640900692 15.173629815390228
413.0 13.733075686939493 15.495196622585073
414.0 13.574314635538817 15.493068047605053
415.0 13.37326314099742 15.272235463714225
416.0 13.3786170467216 15.191986842103782
417.0 13.411583106163139 15.231207308917126
418.0 13.475048381575764 15.266897272770343
419.0 13.479056929219881 15.084373336401764
420.0 13.347526779252258 14.909772223364644
421.0 12.996883189097003 14.472922019274096
422.0 12.40712434490955 14.257218503200134
423.0 12.152063809793042 14.459203002916546
424.0 12.200530467955925 14.733299501897259
425.0 12.327904586930911 14.55600007135482
426.0 12.65643797011608 14.319504257390644
427.0 12.999231703855965 13.917089288870072
428.0 13.1742275355405 13.574373753876783
429.0 13.660087217898626 13.107459068005925
430.0 14.11235339543535 12.904741869458352
431.0 14.106401590713219 12.835388887187097
432.0 13.91353123006692 12.939194201710695
433.0 13.828695062927936 13.13536135143737
434.0 14.033809057164543 13.23024348006336
435.0 14.11540665907949 12.887376513721623
436.0 13.856016387106393 12.930376952235344
437.0 13.738226809801354 12.864446380278034
438.0 13.66600137378727 12.61019725410865
439.0 13.016505912227109 12.446730638612513
440.0 12.439035867663629 12.098207313495541
441.0 12.56021459081026 12.042426832242748
442.0 12.496482416158877 11.895165187815518
443.0 12.172659029770735 12.111457192419918
444.0 11.80411808455865 12.651196971326549
445.0 11.540570172735231 12.615119935789783
446.0 11.286735232807743 12.474455859884191
447.0 11.308690865917368 12.430412430924427
448.0 11.572478961852239 12.469036970106833
449.0 11.874676110843533 12.747391583404095
450.0 12.152852937461175 12.615728369535967
451.0 12.262234239917065 12.596674061781574
452.0 12.189280526529505 12.429534815121308
453.0 12.256708446148501 12.428370923696308
454.0 12.50194552967598 12.759824697391931
455.0 12.563503181602435 13.0115658879659
456.0 12.437247175603337 13.0567200604458
457.0 12.22486029556114 12.947265225058935
458.0 12.009265920988508 12.957894717007047
459.0 11.863777489189102 13.281641513694113
460.0 11.741381888644453 13.651178937182037
461.0 11.449937026970762 13.847091655328795
462.0 11.215902497673007 13.858054621206845
463.0 10.69470080141732 13.815376870533948
464.0 10.495696200326032 13.342365242583105
465.0 10.474588028509995 13.0500052205449
466.0 10.99065003506251 13.196062065942002
467.0 11.731114497381142 13.31546577686339
468.0 11.95814028442656 13.367785413290427
469.0 12.078473988816281 13.461863694103764
470.0 11.773968970573016 13.763094927923664
471.0 11.753244434113828 13.835335566402689
472.0 11.89318948933624 13.706837785776735
473.0 12.091047774278747 13.572893507321789
474.0 12.216670876808468 13.149704111901277
475.0 12.07732502012072 12.92663818385219
476.0 11.931308056248037 12.847737360311374
477.0 11.647502965125613 12.655021722921546
478.0 11.33646514079007 12.157754286280879
479.0 11.14021991954983 12.038723810428955
480.0 10.622927539708686 11.941269021419602
481.0 10.292768178172524 11.803505254540157
482.0 9.942015198015298 11.778066820890256
483.0 9.782520565839858 11.677958243093764
484.0 9.797879659455011 11.252504014795347
485.0 9.551912295654423 10.626534603184954
486.0 9.63971346829708 10.296211147834168
487.0 9.901756119271912 10.070034014121942
488.0 9.966898943410753 9.97151032581542
489.0 9.935385309142442 9.690858115209615
490.0 9.896319362410672 9.621708309753993
491.0 9.720917648150827 9.818514815212836
492.0 9.948058322802211 9.961144843916484
493.0 10.188536251837466 9.861175297587248
494.0 10.18115435820909 9.962740433519045
495.0 10.127774400826468 10.118493969083435
496.0 10.062939151391824 10.187848049851938
497.0 10.259006725246062 10.258710057720977
498.0 10.102731892853692 10.255014622616649
499.0 10.150718797070036 10.511982622592232
500.0 10.080631127957934 10.476613162663348
