ns "trace A [ADC]" "trace B [ADC]"
-500.0 -0.0074879800444509785 -0.1862938113368782
-499.0 0.0021493678055312876 -0.2877433393296695
-498.0 -0.06197343410165454 -0.18021772178921056
-497.0 -0.03234305360920103 0.05958560587134313
-496.0 -0.21504010192729003 -0.06983356564392706
-495.0 -0.13543080334633534 -0.2190074871320303
-494.0 -0.21587215390820458 -0.22754102624905317
-493.0 -0.10072962786980608 -0.1304484351700372
-492.0 0.012137004982815686 0.1630317597618534
-491.0 -0.14607229511113642 -0.042229874832901595
-490.0 -0.14609690553564406 -0.03394636924558108
-489.0 0.012744724936930553 0.06734108048192906
-488.0 -0.038257470107856816 0.013439036494263912
-487.0 -0.011641434650994494 0.0050119908685246845
-486.0 -0.052882561966903115 -0.02074410684082793
-485.0 -0.026243422155214375 0.23078165748320498
-484.0 0.04710581675697648 0.28579771621989536
-483.0 -0.08192900494261242 0.2724089208564695
-482.0 -0.01416384959814431 0.2796410434144175
-481.0 0.011064354953090048 0.180112764920932
-480.0 0.09733452721612003 0.18111633755456752
-479.0 0.0706780934879864 0.28737179906171867
-478.0 -0.008338598468537121 0.2079625963599046
-477.0 0.16853328624096076 0.14676136234769094
-476.0 0.008781585871010921 -0.09617222581660868
-475.0 -0.13983572284222873 0.10604686126352499
-474.0 -0.12974173919749296 0.2651598210409666
-473.0 -0.01152467566316901 0.27594193964875624
-472.0 0.03164378891137485 0.2885137794538725
-471.0 0.026692008657708682 0.19914441053298987
-470.0 0.08188758744034158 0.22157524576161267
-469.0 0.028988128783369267 0.15217409862238304
-468.0 -0.09176996586134009 0.08346831828942265
-467.0 -0.09451385118858702 0.18081096277848452
-466.0 -0.057990586033688764 0.15326834464906455
-465.0 0.11854274444633801 0.07031694621570386
-464.0 0.07743399798319026 0.07195945964739982
-463.0 0.07274849506094064 0.12330019320185283
-462.0 0.002354260865647202 0.2083643086235656
-461.0 0.052336728912034856 0.011106404637577715
-460.0 0.1443561930496321 0.09148101171849157
-459.0 0.152532274606616 0.07758481660477456
-458.0 0.15155816538384706 0.002442887692639845
-457.0 0.21605358214724274 -0.020784121329566932
-456.0 0.02887648391334393 -0.028412337141981412
-455.0 0.016730463736511866 -0.02145941761920949
-454.0 0.019237341102173615 -0.04872474097632471
-453.0 -0.03923094523756704 -0.060757600829357064
-452.0 -0.03636504400073728 0.06742679427034198
-451.0 -0.013850192450386855 -0.009018559400326547
-450.0 0.06007980073079989 -0.08189699255138658
-449.0 0.047517410066777926 -0.06657330656726516
-448.0 0.0680127128098176 -0.00031474452422943535
-447.0 0.1470633710067855 0.07313058457910408
-446.0 0.057935120039533945 -0.12047007690731805
-445.0 0.051486354795891656 0.0031767377856394886
-444.0 0.18068127536215645 0.11930184679554402
-443.0 0.3145068089772847 0.1763276603172447
-442.0 0.34782995254750293 0.2411248282422927
-441.0 0.22424385245243494 0.16652050608629085
-440.0 0.19023644059884418 0.2979653896001491
-439.0 0.2309860748367401 0.25256239809429143
-438.0 0.23746607417803786 0.1425949330439417
-437.0 0.2940486402327502 0.27977486493327053
-436.0 0.30108511381034214 0.2560895896825508
-435.0 0.3255889771114121 0.23265112740008953
-434.0 0.19936496785555072 0.21086960821202116
-433.0 0.013790244681127951 0.19361210286514582
-432.0 -0.02245966279341788 0.3688916511183347
-431.0 0.058382234517428466 0.18894527670605796
-430.0 0.14518919826103546 0.251594459955415
-429.0 0.05784556339423456 0.2977092494563408
-428.0 0.041371537514486634 0.17682019963091922
-427.0 -0.03209751241655729 0.05749402902339687
-426.0 -0.1953813746795157 -0.10250975471348757
-425.0 -0.09184802136710322 0.029215900173856425
-424.0 -0.006598589143783902 -0.046718328634064145
-423.0 -0.11376824707946914 -0.22015983523828012
-422.0 -0.028393045707086017 -0.08379080447746931
-421.0 -0.17492290215762152 -0.22036908856045592
-420.0 -0.1903244288516912 -0.3792483682149523
-419.0 -0.2435526193370733 -0.26624342197610756
-418.0 -0.17033075080186647 -0.10696379513188982
-417.0 -0.2052073006487667 -0.061370153606639
-416.0 -0.3495178360299716 -0.18321323682987967
-415.0 -0.3493240496284602 -0.1917576377116402
-414.0 -0.37463143061316045 -0.12453797534748123
-413.0 -0.39720441535222173 -0.13603590682723712
-412.0 -0.2689798618597428 -0.06750893215277144
-411.0 -0.27213710701000354 -0.002247085255590731
-410.0 -0.21373699838112634 0.178711875094692
-409.0 -0.2055597335325304 0.1430659911037456
-408.0 -0.14590569448881255 -0.026423236446742934
-407.0 -0.09716393540269183 0.04335555958753428
-406.0 -0.01502904619398002 0.18082415468524307
-405.0 0.1648046519899467 0.2565728367897191
-404.0 0.12286139257084754 0.1985939014113483
-403.0 0.13797312976358372 0.21245167017641117
-402.0 0.1537941758988094 0.3517792281636534
-401.0 0.224130750003162 0.2150090874629301
-400.0 0.3536876925775391 0.3607048280828258
-399.0 0.44448664955180334 0.5485667292451575
-398.0 0.3921900387638559 0.4557225446061786
-397.0 0.3812700515646445 0.3346402248831093
-396.0 0.21707351321610807 0.2771083785544826
-395.0 0.14040158493900845 0.3729279284560853
-394.0 0.19197969203573462 0.3501713696748403
-393.0 0.31515022290238565 0.2528781483944832
-392.0 0.4578866639529081 0.33223195078561935
-391.0 0.4154027027040794 0.28669225256676195
-390.0 0.475941963346962 0.3405788629206163
-389.0 0.35517167466409333 0.35835853353459696
-388.0 0.26718916284546335 0.38121308939192483
-387.0 0.4752943133064039 0.43725002635489557
-386.0 0.5158440369205042 0.2517138737168372
-385.0 0.6217282985454908 0.3674824128760174
-384.0 0.5278999805904888 0.35688140583426337
-383.0 0.5459435171801791 0.2958992960389035
-382.0 0.6664358178355744 0.34502184320158896
-381.0 0.582126429904627 0.3261011205653167
-380.0 0.5022777754907979 0.32592726002139716
-379.0 0.363014338341689 0.11772576483848723
-378.0 0.24149199007801553 0.07420141439428299
-377.0 0.25035466791737315 0.13934279839612773
-376.0 0.2205994154370409 0.11805861578437961
-375.0 0.26830760236337253 -0.04175234249032474
-374.0 0.09291669713225151 -0.1914204649086135
-373.0 0.023344951858978617 -0.24845730750622727
-372.0 0.04795346093244911 -0.13599753076692836
-371.0 0.06340139138882686 -0.17725101614209385
-370.0 0.15920286584388987 -0.02594623448308812
-369.0 0.225515249305197 0.0447606112823796
-368.0 0.20282607647982268 -0.08670102441296593
-367.0 0.2938168614865124 -0.031995762162308906
-366.0 0.22668636323398877 -0.02925870455181244
-365.0 0.2757462417027523 0.19756770146409144
-364.0 0.32356401268468654 0.28554980155096005
-363.0 0.21651612777511622 0.28980754992909824
-362.0 0.394428237193708 0.44988613215438983
-361.0 0.3956318259747079 0.4301397864719303
-360.0 0.41537165526576747 0.35729272852716715
-359.0 0.33781177989426836 0.40488222490839304
-358.0 0.363957312017524 0.590750801239742
-357.0 0.49729801583128463 0.7177084349814662
-356.0 0.39222652336482006 0.4777648629518841
-355.0 0.33916310537498384 0.6058480844108363
-354.0 0.3222374985041462 0.549061418851299
-353.0 0.42882741652017764 0.5522605471432999
-352.0 0.4980635966777826 0.6659543993023309
-351.0 0.39575824203248694 0.693791036814932
-350.0 0.3578755523485556 0.7639496145725225
-349.0 0.3729016418349073 0.721594878050886
-348.0 0.45448120066307246 0.7843600726603509
-347.0 0.5868499139487061 1.011507277466337
-346.0 0.5375567568771503 1.0650191953063568
-345.0 0.4953213705349731 1.0329304311815448
-344.0 0.46327795197381827 0.9584146825404801
-343.0 0.4576988182995782 0.9244843966865602
-342.0 0.5501415975101946 0.8663707200368311
-341.0 0.4467627072849501 0.663517819452621
-340.0 0.4327820293508953 0.728734359760545
-339.0 0.4849078929633033 0.8042149723433571
-338.0 0.3189597695986409 0.7232872936606496
-337.0 0.3821098532866182 0.7434660276455133
-336.0 0.4188539587181317 0.6616217639394606
-335.0 0.5219336493462574 0.7622734274831692
-334.0 0.4211600941127359 0.7086282699756415
-333.0 0.44218226188479043 0.6924381437553998
-332.0 0.7071475357695498 0.770911657055464
-331.0 0.7156774642082705 0.6789561011677118
-330.0 0.8626136969996692 0.6741997003973029
-329.0 0.8523305162104443 0.631847744266849
-328.0 0.9356434524544587 0.5618696939781519
-327.0 1.0860001693702601 0.7086273486268682
-326.0 1.1366946154320636 0.5852176756544071
-325.0 1.2149881341900577 0.6192891197032386
-324.0 1.2834847454967286 0.6432323931575552
-323.0 1.3998570429118944 0.6637728413931187
-322.0 1.4434773012366058 0.866295734497192
-321.0 1.6137286836664733 1.0452843740806892
-320.0 1.6612879902506497 1.1574398131074068
-319.0 1.6447736648236482 1.0972009684504558
-318.0 1.6272611337408496 0.9227114757921
-317.0 1.489166813553768 1.0700220611946933
-316.0 1.2713796195055145 1.0622088592259884
-315.0 1.4244120181344293 1.0460864973168738
-314.0 1.3318228744898306 1.184525555743011
-313.0 1.412222610156363 1.2329022837941026
-312.0 1.369210276959838 1.2371921475474457
-311.0 1.3669333518647835 1.0528007962394583
-310.0 1.4503879074767423 1.2683968748670105
-309.0 1.5875397328408078 1.5117520632591648
-308.0 1.6075242175199975 1.411730362022665
-307.0 1.489901841130662 1.2916246376884424
-306.0 1.1576494886898858 1.114350058262391
-305.0 1.1304004170235962 1.3540286867173654
-304.0 1.1257319755342918 1.481665795226317
-303.0 1.0988739649350476 1.4656293369802156
-302.0 1.25328139698551 1.493071619654498
-301.0 1.3132954656635778 1.2264233136329366
-300.0 1.3113917011936678 1.1308845967822216
-299.0 1.1538584640131762 1.2625503351356047
-298.0 1.2331226696184627 1.5322114027343907
-297.0 1.2967109699855173 1.6847962848921159
-296.0 1.1695910487566274 1.3096594946943316
-295.0 0.8723946759650967 1.2553837391439684
-294.0 0.8217553679150482 1.3639317886839482
-293.0 0.8182727766811054 1.336115312906725
-292.0 0.9360796841434748 1.4380331761748277
-291.0 1.0576723082994122 1.4829891746343797
-290.0 1.2962639972070715 1.5206669687457124
-289.0 1.0843912786761605 1.2474327236125802
-288.0 0.9042440295510312 1.2120852819479107
-287.0 0.9940414077535524 1.5290101696272531
-286.0 1.0727546785234499 1.768564288738552
-285.0 1.3080930042433279 1.8719935024492533
-284.0 1.43078976660084 1.8639584693829796
-283.0 1.3425509812633754 1.8714507170163763
-282.0 1.4035124038492524 1.961172687303598
-281.0 1.4748982777751065 1.7890367291627323
-280.0 1.5601561446310037 1.9659861617790393
-279.0 1.7529046258098984 2.138872488912431
-278.0 1.764013598795594 1.9752929762881275
-277.0 1.691815810135933 1.8635964445891358
-276.0 1.670085127972558 1.748408847732437
-275.0 1.808158527909774 1.8422847099810407
-274.0 1.8574343276492113 1.806087131747856
-273.0 1.7927105898290587 1.7186069389220988
-272.0 1.8502035937520882 1.898299934786358
-271.0 1.6961235186293082 1.733358315877038
-270.0 1.7349459884869243 1.6903824880146512
-269.0 1.9283813392969218 1.7256104728563533
-268.0 2.0583883286250177 1.9638756923949792
-267.0 2.110215094216506 1.971686776228497
-266.0 2.1682164247814244 1.825825266056535
-265.0 2.1168421916823097 1.9644021225919515
-264.0 1.9408169505140584 1.9119236958058574
-263.0 1.9496138838415695 1.9317921810534278
-262.0 2.1201073260865955 2.101411275744653
-261.0 2.1209426255262684 2.1004546211865343
-260.0 2.1035919552163937 2.1295864142594016
-259.0 2.0940518868097677 2.0281684690970847
-258.0 2.0945366761205833 2.1589312828420653
-257.0 2.149069292593487 2.5235077401796384
-256.0 2.0665162446242484 2.517146297568522
-255.0 2.0460960901699976 2.4717186025664653
-254.0 1.8422159120520403 2.36495309614519
-253.0 1.7251332749252244 2.2221663726513996
-252.0 1.9389050319632648 2.1798723196650998
-251.0 1.9972613605792011 1.871713121609336
-250.0 1.9265745323854166 2.1553677385846766
-249.0 1.9653480493314066 2.1659649737698805
-248.0 2.01258976647634 2.061728932714129
-247.0 2.0293786854426275 2.0720693815124833
-246.0 1.9401846810345498 2.02940644598731
-245.0 1.9822743609778368 2.18068980925502
-244.0 1.939474741146817 2.2562632154897297
-243.0 1.844149606729184 2.1317866176090234
-242.0 1.9901092885674567 2.0985052403878868
-241.0 1.9172206864502648 1.9465856172213383
-240.0 1.9687267555510874 1.941522678561343
-239.0 1.8195627079476038 2.0465380077217206
-238.0 1.827503325370805 2.1880884132902523
-237.0 1.9656689399157543 2.3540261162315974
-236.0 1.9764403292030177 2.3126908167229936
-235.0 2.1565893322468286 2.4201577384962967
-234.0 2.1350792404008003 2.4960454491422364
-233.0 2.085614152220127 2.5165616468530083
-232.0 1.913067497719546 2.5059800348249786
-231.0 1.694900039120981 2.462232791615606
-230.0 1.6860911811805521 2.4698308156939546
-229.0 1.6222443309859043 2.302986434128783
-228.0 1.7161505968066588 2.3300205195167947
-227.0 1.7385134769597137 2.456235271966717
-226.0 1.7136773064729411 2.4441677820705485
-225.0 1.9323290424648398 2.5112234917601253
-224.0 1.98623291428386 2.4652583441294054
-223.0 1.982153204358983 2.4670889698265266
-222.0 1.9997385382719304 2.52875755320484
-221.0 1.8376693340540418 2.4279373934027673
-220.0 1.8669610637283727 2.633831191979038
-219.0 1.9554868118812745 2.8079219085932836
-218.0 2.0828108931555662 2.8344808304498823
-217.0 2.1912851382618452 2.8547579817181172
-216.0 2.132182752073245 2.7790548793693217
-215.0 2.0954553147604997 2.840048878178126
-214.0 1.8797232953963072 2.886770725970221
-213.0 1.9223743417062584 2.921490559508611
-212.0 2.018231046412218 3.1508370670229073
-211.0 1.9184625989559845 2.9729640520926437
-210.0 2.0411952303737886 2.6958582450984485
-209.0 1.9825719138615674 2.3645625154351175
-208.0 1.9904677041170846 2.4016944021220543
-207.0 2.182446767265679 2.5158544484209933
-206.0 2.252980138299621 2.2587984851967744
-205.0 2.0992077503988362 2.2084159406445196
-204.0 2.1543190458414037 2.1720722942564765
-203.0 2.193345086270596 2.1400882597365856
-202.0 2.1242472455891397 2.172830599872217
-201.0 2.1176764888235864 2.283072786314825
-200.0 2.4134466122370464 2.44230546011084
-199.0 2.509750687981716 2.0906000448028768
-198.0 2.4229880662705257 1.8958094143991169
-197.0 2.4196150697452463 1.9426336600396878
-196.0 2.1941174861307555 2.0033960863273528
-195.0 2.1588685589698104 2.239708774724548
-194.0 2.188638295002489 2.431012029029197
-193.0 2.307866862642504 2.4384836549668294
-192.0 2.3338141730721245 2.3767130836768473
-191.0 2.2108524985725246 1.9986326270350336
-190.0 2.1548701127070777 2.136440254424155
-189.0 2.0443217207192066 2.282009047848774
-188.0 2.0375216754771515 2.327714236086738
-187.0 2.096690225817788 2.3935094058491284
-186.0 2.0575345197159867 2.1945081822218357
-185.0 2.1160132743137905 2.188853011781446
-184.0 1.9192087196239167 2.185508299798389
-183.0 1.790472795631354 2.2922641083268545
-182.0 1.9811725617618083 2.5224325848512263
-181.0 1.8812909488730436 2.40313965360912
-180.0 1.9228693253360356 2.273099489985974
-179.0 1.9608003516844896 2.4017315535507895
-178.0 1.9781408120025197 2.505116751211433
-177.0 1.9668463161735814 2.7774556810257556
-176.0 1.9332441965316143 2.687959943982939
-175.0 2.041427307079571 2.6793978644951513
-174.0 1.9859635304539132 2.628316631466132
-173.0 1.889408989019914 2.679109931518148
-172.0 1.8080702616724096 2.823265029442051
-171.0 1.7159895073404092 2.757912030712492
-170.0 1.9524199158137157 2.796820174881004
-169.0 2.0157554675106617 2.765978593031205
-168.0 1.9356626857558972 2.691409531552013
-167.0 1.8687048789914573 2.8679470656933517
-166.0 1.5866914989914247 2.8946045985807944
-165.0 1.5047156412036233 2.944165013219792
-164.0 1.6846647201691014 2.935156687190178
-163.0 1.885779523375117 2.7200054643715252
-162.0 1.9666756562083205 2.728840323191884
-161.0 2.0553745021439522 2.337110409884234
-160.0 2.0148316566581737 2.6435863921132206
-159.0 1.9801667222261152 3.0018123478398855
-158.0 2.0444074920395745 3.286077243356295
-157.0 2.2185689655973 3.252428744057175
-156.0 1.9526828164957246 2.9885394750221668
-155.0 2.0590187104073663 2.861942970114391
-154.0 2.1071670695630216 2.7841204261681143
-153.0 2.1771691690801993 2.7063781191954837
-152.0 2.6236612716937833 2.8844597129623417
-151.0 2.6364542951597056 2.7763443214433425
-150.0 2.644111878968742 2.830023597360132
-149.0 2.4882743923769586 2.890715308544148
-148.0 2.474917484795267 2.930589100279181
-147.0 2.770190589576941 2.9989484723026427
-146.0 3.002126870702713 2.8705708244883126
-145.0 3.1087731347319454 3.0986692849728077
-144.0 2.9767318231843545 3.0960699140905152
-143.0 2.8405068549774195 2.9247577907896396
-142.0 2.9524744075811675 3.0301624151180553
-141.0 3.1389065729786485 3.118321691894646
-140.0 3.543528429430178 3.2634759298152147
-139.0 3.8064089804192767 3.251865779015907
-138.0 3.5727631657852634 3.2265781233214765
-137.0 3.629450223279661 3.485288522423936
-136.0 3.695007650255122 3.789590367107485
-135.0 3.9304491244045163 4.06568548056813
-134.0 3.874316496308908 4.3624179759863955
-133.0 3.635107619746995 4.343056823408781
-132.0 3.509273982431532 4.3006985197539676
-131.0 3.558613188632282 4.256327148132405
-130.0 3.8141282425859786 4.534826822617301
-129.0 4.041123694105668 4.6693863220036205
-128.0 4.219356918931671 4.683390644985546
-127.0 4.237189959935176 4.762297719475297
-126.0 3.9084506594610913 4.837774253311526
-125.0 3.904164424003127 5.027751612786822
-124.0 4.0775844625648325 5.1515624993998355
-123.0 4.219962836106397 5.3460865082693285
-122.0 4.29882637966887 5.796334424664979
-121.0 4.234501169269532 5.714121396681836
-120.0 4.326387272746617 5.305023289751997
-119.0 4.584491630934888 5.123134236865874
-118.0 4.974582707596359 5.45398714560662
-117.0 5.160736803038407 6.0286260319607585
-116.0 4.918707407348664 6.0694285408022415
-115.0 4.87033546019112 6.31363607971892
-114.0 5.01000904208879 6.631067072684796
-113.0 5.421278361110942 7.1254034400196895
-112.0 6.0175212936956015 7.976213818865583
-111.0 6.5621868004748185 8.737223815845676
-110.0 7.302148212011724 9.489108615355107
-109.0 8.329854796569107 10.546957058197801
-108.0 9.93487463834596 11.968046570781427
-107.0 12.122205222582489 13.636988560512268
-106.0 13.788315419650601 14.997203275215613
-105.0 14.883781000337786 16.029336143862725
-104.0 15.46982285299883 17.120460608638762
-103.0 16.09557646706057 18.610193792300016
-102.0 17.200634745645168 20.407983792164078
-101.0 19.009427021388674 22.460424990170736
-100.0 22.436723494519306 26.19934125478063
-99.0 27.73804954950347 31.724187713747785
-98.0 34.628189316803805 38.44923244952809
-97.0 43.10152044209985 46.97751231644026
-96.0 52.688556059301526 57.390856661608034
-95.0 63.39533665331019 70.2124148767249
-94.0 75.51231923560711 84.98830727799952
-93.0 88.16464336984082 100.77947951815628
-92.0 101.3768762416729 116.18839185032162
-91.0 114.24519730699261 130.3398041746973
-90.0 126.05121976881479 142.85555713150964
-89.0 134.95006444259366 152.0937603333797
-88.0 140.66397606505058 158.48622321069996
-87.0 143.8640055587973 162.38215538162424
-86.0 145.05695764639066 164.3180439757806
-85.0 144.7923792930215 164.80439525463373
-84.0 144.2300374971222 163.70034495017293
-83.0 144.222110493171 161.67997338301765
-82.0 144.9643590649457 160.85369532006
-81.0 146.69949074725915 161.80961335659333
-80.0 150.24772631294348 164.78033972723688
-79.0 156.23495010783805 171.43697498762168
-78.0 166.07873747586544 183.27198180193574
-77.0 180.7067372463695 201.25460511478443
-76.0 202.4694587362566 225.84358408844875
-75.0 231.72239355046855 258.83703371536495
-74.0 268.32640957553616 300.65734708635176
-73.0 310.48418741769086 350.94018213292406
-72.0 359.05462298421975 407.1844196423858
-71.0 412.7542625643136 467.91357708941877
-70.0 469.0009223622915 533.2083330809695
-69.0 525.4712510145687 599.329523553371
-68.0 579.5708172074283 662.0764155430563
-67.0 629.9284502445528 719.469825082682
-66.0 671.7846363433455 766.886307455264
-65.0 701.5953080531312 801.1150495247304
-64.0 719.7533529170983 823.0735292470985
-63.0 729.7560296906994 834.9058768926378
-62.0 732.0723716708345 837.7667714625735
-61.0 726.9869870095525 830.9364245157523
-60.0 717.6644993533107 820.2703713787687
-59.0 706.88428542516 806.9783937722476
-58.0 696.0459344404052 792.8368219463794
-57.0 686.108818200068 778.3621359082332
-56.0 676.2022741103458 766.1709889057847
-55.0 665.0339786071529 756.5476445137156
-54.0 656.4636362452711 749.5509723066855
-53.0 651.1181262718591 742.8780947681463
-52.0 649.3638821806142 738.5755928474728
-51.0 649.5390775571672 737.5571758211673
-50.0 651.6442286203328 741.2240906457704
-49.0 657.1810543996469 748.5275093788541
-48.0 666.8819832395488 761.4199107360453
-47.0 680.9085249545981 777.4879602868953
-46.0 699.0412485583804 797.7329009010215
-45.0 720.0953874148897 820.813038465682
-44.0 745.859436463917 849.7875739957094
-43.0 778.059013067033 884.1880462667574
-42.0 817.0684541050184 925.7555196891332
-41.0 860.6224103388575 977.0887404854554
-40.0 908.7313917206241 1036.1470805323586
-39.0 962.3522473403493 1100.3139510819894
-38.0 1020.2790203840339 1168.9220666141505
-37.0 1083.3454673105157 1242.869870250189
-36.0 1150.3851085225763 1320.222006815291
-35.0 1221.6107252822019 1401.1516620120888
-34.0 1296.3845295645983 1488.6376643858405
-33.0 1375.3839660991996 1585.4815130210256
-32.0 1458.9606295875176 1687.5661162441056
-31.0 1546.4087122070107 1791.3102293806992
-30.0 1635.4499345496333 1895.8291349016506
-29.0 1726.5142989745173 1998.8806460832182
-28.0 1818.7877270516806 2101.0886269644416
-27.0 1910.7799722850036 2204.6102785788926
-26.0 1998.3115769144206 2307.5546143894458
-25.0 2082.2186657073466 2407.3969520694673
-24.0 2161.2006843023296 2499.959133608896
-23.0 2234.96660662578 2583.719254597909
-22.0 2298.740267897955 2660.9189904416594
-21.0 2357.8024804070983 2732.2291794522175
-20.0 2412.743647083157 2794.8233859628394
-19.0 2461.0609492405724 2849.9820842640866
-18.0 2503.511559158859 2899.2486449849575
-17.0 2541.9768172813892 2943.5387784268974
-16.0 2574.9719954374095 2978.61985021829
-15.0 2602.0256380493192 3006.435158173244
-14.0 2624.4644326259163 3030.7363592080446
-13.0 2641.948127736815 3050.9061878734747
-12.0 2652.3513941160572 3064.450076684042
-11.0 2659.5589121267135 3071.5989318109077
-10.0 2663.635869844466 3072.5841556722594
-9.0 2663.072415817238 3067.911706584574
-8.0 2657.474788500736 3056.9633927234104
-7.0 2647.105073490714 3042.347037854288
-6.0 2629.8964197369683 3022.9640871877823
-5.0 2604.9746945000884 2998.563183795122
-4.0 2573.66812123423 2965.4586403029894
-3.0 2535.692428204859 2923.851158607835
-2.0 2492.1967534597306 2870.655739362084
-1.0 2442.926369016443 2811.3415000500736
0.0 2387.281147303225 2743.9722254594403
1.0 2325.6357258260246 2671.412491298722
2.0 2258.271662190536 2589.7410292690433
3.0 2183.4435786729587 2504.1970554641703
4.0 2106.2548999390306 2415.7370383683838
5.0 2026.4788518682067 2323.9862379513647
6.0 1945.400177085259 2230.1771701243283
7.0 1865.0654309395625 2138.6285057369164
8.0 1788.0166777883624 2047.0073953654053
9.0 1713.6809460190923 1955.1879137586798
10.0 1641.2321412500087 1865.86094046792
11.0 1570.7179666554775 1783.3833174643803
12.0 1504.9277317138544 1704.9105915878574
13.0 1445.0964106555655 1630.8233232406535
14.0 1388.1403086790858 1562.8020841565685
15.0 1334.8147344194315 1501.4152260348992
16.0 1288.3208493688805 1449.567209822281
17.0 1247.6164304753502 1403.8690864016733
18.0 1211.4657756293675 1362.8532887393073
19.0 1181.6215390923999 1327.6208662976917
20.0 1155.6382681902753 1298.6564315375292
21.0 1132.9088200690371 1272.086903335484
22.0 1112.3233679531327 1248.7361701992488
23.0 1097.985067039245 1230.6385402137203
24.0 1086.041198832893 1217.272214628546
25.0 1076.5296581396774 1205.9228163178657
26.0 1068.3633688101763 1196.7610902443055
27.0 1062.438663936252 1191.6853079419325
28.0 1057.797454427163 1189.6135925147223
29.0 1054.8499952581953 1187.2534012002022
30.0 1055.6359008583022 1186.1604539637751
31.0 1058.9411983709686 1189.1655050619781
32.0 1062.734086290016 1192.426029696595
33.0 1069.4883784600952 1195.678506614973
34.0 1079.174987360063 1201.9891830757397
35.0 1090.3692836148093 1214.8199304353302
36.0 1104.0520492784026 1233.327934996113
37.0 1121.0336566303993 1256.6356004704828
38.0 1143.194983465897 1282.0192464376698
39.0 1169.9516811156775 1309.7477720953996
40.0 1197.9500021678311 1339.9129586648282
41.0 1227.254044811308 1373.2575054292224
42.0 1256.4719948359293 1405.912083657109
43.0 1287.1035613217423 1439.3841851727607
44.0 1314.2285996706992 1470.7984009975173
45.0 1335.800906016881 1493.7383288450408
46.0 1348.8679509805513 1508.5801108893327
47.0 1354.4068312956565 1513.207950401971
48.0 1346.5470980987727 1503.7722690721544
49.0 1324.1823177103631 1474.7461615931168
50.0 1286.993348280956 1431.1045081687762
51.0 1236.8241703798883 1373.8794461962425
52.0 1175.4723891128372 1306.0556779225565
53.0 1105.9583561966851 1226.3678393525636
54.0 1029.9121526770102 1139.1388477780984
55.0 953.408503581646 1051.168458435426
56.0 882.2379461655141 966.1963795211117
57.0 817.0187988344534 888.1248481455359
58.0 756.4249019768096 819.5863058243208
59.0 703.3381816556823 760.2202824414195
60.0 658.7482521977702 708.7785699629956
61.0 621.9205850608643 665.1368086986945
62.0 591.1929731232434 628.7279705252388
63.0 565.6046921211481 599.181337404392
64.0 542.8052397288861 575.1742075177409
65.0 522.7215953275148 555.826748608137
66.0 504.86030947879556 538.7797991117941
67.0 489.5063037684884 523.1392173359071
68.0 475.9082186426594 508.10063882968313
69.0 463.7002260387069 494.155480484778
70.0 451.68751301349926 481.4577977829247
71.0 438.56773933884153 467.54217882609055
72.0 422.83150937715675 451.49959708027194
73.0 405.3294376174442 433.3893583673614
74.0 386.20712698273394 414.9081292968421
75.0 366.40411324551997 393.9888624293312
76.0 346.0828663082781 371.05866000616
77.0 325.90491368693563 347.9098868864818
78.0 307.2521435588856 327.62990281488266
79.0 290.0385936508762 309.9223677696029
80.0 275.034671481897 294.8715931869041
81.0 261.8655275429103 282.4782094592487
82.0 250.44279543882345 271.64566452643743
83.0 240.72686683970775 262.0448808723539
84.0 232.3677660345602 253.33417411302256
85.0 225.2710426127302 245.88081349087602
86.0 218.34573978929427 239.4231676797724
87.0 211.94267325579634 233.64048696921398
88.0 205.83912940105031 227.38039110205793
89.0 199.56201932411903 220.85599774509294
90.0 193.43267492776093 214.29370206744784
91.0 187.5401651515988 207.98983041750648
92.0 182.0753554685309 201.10426228465312
93.0 177.1694803566912 194.95272119730484
94.0 172.26657833998922 189.2340556830124
95.0 167.960648871748 184.76376371560227
96.0 163.81132508973056 180.62804553982465
97.0 159.87885181430937 176.3996266819673
98.0 156.10067179057035 172.60321198220802
99.0 152.26114241555922 168.9893743972378
100.0 148.87248316965787 165.32304213024796
101.0 146.2575186386619 160.8282526187908
102.0 143.61925983777735 156.74032621574221
103.0 140.95527679823996 153.3453233273678
104.0 138.26898517772415 149.92191589813217
105.0 135.51473510568078 146.23078154898167
106.0 132.60349383478558 142.63225259712038
107.0 129.53093212870812 139.16314263366783
108.0 126.47833996775495 135.64426538181974
109.0 123.1174912598778 132.21173171706656
110.0 119.78542080368415 129.5425036148163
111.0 116.81911466881988 127.5916088188261
112.0 114.0484971451399 124.96460544317308
113.0 111.80364465532848 122.63078001679769
114.0 109.27633923748913 119.75361238728621
115.0 107.01590543656783 117.54298897414169
116.0 105.14528972580707 115.4077479529578
117.0 103.14379445382058 113.13751200701115
118.0 100.54396429852473 110.21571456086266
119.0 97.81193088834966 108.47691919603167
120.0 95.53558157297294 108.08148101691016
121.0 93.29918129425525 107.7103614795064
122.0 90.58098947828157 106.21692358586061
123.0 87.888268364578 103.5561257628525
124.0 84.97644167122938 100.46979471317674
125.0 82.71951120098859 97.2720261468411
126.0 80.75737546837713 94.08159408279518
127.0 78.86326201276084 90.82796555486283
128.0 76.04119466261795 88.31390849524904
129.0 73.35711033817722 84.9094754434912
130.0 71.59541885161296 81.7835705761985
131.0 69.96237287865334 79.15119781270221
132.0 68.2067981517177 76.73675562026166
133.0 66.10406897180357 74.46136477845863
134.0 64.20916704515768 71.67749604277759
135.0 62.36419800702377 69.23257174828778
136.0 61.35740232129131 67.58071719384169
137.0 60.73302822634743 66.26471719663873
138.0 60.84123056324556 65.55709620715506
139.0 61.05570677125595 64.84773515415216
140.0 60.982078367703934 64.58405767139895
141.0 60.67559177920089 64.79290093164362
142.0 60.08724845407837 65.40463299975525
143.0 59.630963122896624 65.18859546042574
144.0 59.132039715806535 64.72907740026355
145.0 58.9321048647633 64.86628372706461
146.0 59.263587958077665 64.8852633296481
147.0 59.542226629280826 64.21354977870203
148.0 59.76288852939417 63.99716569147266
149.0 60.16319259954671 64.25514571818901
150.0 60.6786425187138 64.57741516084972
151.0 60.170685698394195 64.17137123243913
152.0 59.47467476260056 63.6236508684959
153.0 59.3088985952428 63.523010372014916
154.0 59.24003039625591 63.086323342762284
155.0 59.17094911875785 62.9366013406475
156.0 59.11969354888992 63.138219710263634
157.0 58.95866554187351 63.42238442574054
158.0 58.43969915600756 63.265642867587545
159.0 58.13039054373283 62.361081783094804
160.0 58.24706499739624 61.2094221345652
161.0 58.389459361544525 60.289871578764135
162.0 58.81473849240725 59.83556821100882
163.0 58.591006537112754 60.07653927052087
164.0 57.815831538538895 60.014965434566555
165.0 56.99046764854799 59.40393730072197
166.0 56.661529639205376 59.28339324725109
167.0 56.393410297900004 59.37677327156335
168.0 56.10512808606433 58.93645527073375
169.0 55.57202948522746 58.21611078089632
170.0 55.04960208226161 58.111534514613375
171.0 54.17356928551643 57.67925148746918
172.0 53.34950703854897 56.47900871451607
173.0 52.724537361707945 55.37417209154079
174.0 51.869084740415666 54.26120577519222
175.0 50.66841948910888 53.376393288267906
176.0 50.24809700304505 51.93739654445701
177.0 49.17802693079126 50.18476216381067
178.0 47.338359590625785 48.247815116492276
179.0 45.1674066558516 45.959165829704325
180.0 44.12046700681466 44.54971923156358
181.0 43.154541299039415 43.467874894226696
182.0 42.25292315892774 43.008364709318435
183.0 41.684491961903746 43.05235244027333
184.0 41.55606139369845 43.11963104271434
185.0 41.84039609274263 42.83038364074272
186.0 42.47894786490086 42.64015481831133
187.0 42.96392613119511 43.207973809041476
188.0 43.0832207197113 44.20340509256856
189.0 43.45894185018478 45.54999369393999
190.0 44.06036866957422 47.23598004537633
191.0 44.44088425674494 48.36423390189816
192.0 44.466031440185134 48.65696566890764
193.0 44.40285319402978 48.7539176460645
194.0 44.71002987295479 49.494391790832374
195.0 45.42724301174159 49.83710476866488
196.0 45.968825163405114 49.50258937711158
197.0 46.84540041352199 49.5055281017158
198.0 47.38504391272787 50.100881717326615
199.0 47.2862344496126 49.97282855450884
200.0 47.17698544941852 50.14682447194328
201.0 47.18216524452561 50.626683179393225
202.0 47.327534456818775 51.003154047011975
203.0 47.61522984483983 51.09630754160197
204.0 47.694368841101316 50.61302564834415
205.0 48.245591071355776 50.3192823407714
206.0 48.69717181751552 49.18349559739275
207.0 48.55369905276897 48.61928987561838
208.0 48.66907116130734 49.3319320804791
209.0 48.97681772159529 49.64123387527591
210.0 49.38235182806682 49.76474757886649
211.0 49.430428475976115 49.85111384012696
212.0 49.34389266607911 50.47094970614067
213.0 49.207584623764696 51.22743522749401
214.0 49.043924924943575 51.16166099375446
215.0 49.401011092576994 51.33285772927922
216.0 49.83956564747311 50.99716351526436
217.0 49.4431995148715 50.67401267663346
218.0 49.10987424995416 50.03869397485566
219.0 49.196389455184246 49.991155091328245
220.0 49.66122062448981 50.51343088980588
221.0 49.62969165001033 50.85185786663025
222.0 49.54451243519638 51.03757471501734
223.0 49.80341895909268 51.454705817459626
224.0 50.03679962098531 51.53905177726638
225.0 50.54176494261865 51.43962702739496
226.0 50.75664541663035 51.274891074374416
227.0 51.113667030905404 51.02519885374482
228.0 51.00953342109166 50.963056578024464
229.0 51.062733148670794 51.208509286454245
230.0 51.15531638883279 51.21401521249485
231.0 51.130960045393756 50.924742513782974
232.0 51.09242862077108 50.59836369768688
233.0 51.318550139459575 50.79505887541005
234.0 51.35310478471462 51.24866320214362
235.0 51.3193372017234 51.61139371470685
236.0 51.56360390229785 51.60936998719487
237.0 51.5129822289349 51.88101821151101
238.0 51.09172765837903 52.36102020958718
239.0 50.786696080795394 52.57392428645869
240.0 51.268955244654855 52.2072322421164
241.0 51.33931939359737 51.65103008194303
242.0 51.00315678390295 50.768844664883154
243.0 50.82331349134116 50.65220572941761
244.0 50.808753836682264 50.511157538494736
245.0 50.71726411922931 50.95836152917332
246.0 50.26427935145399 50.45668240993208
247.0 49.754153138645066 49.26257990079361
248.0 49.306916700150396 48.50543077586081
249.0 48.99580607542956 48.79085944343864
250.0 48.81232127457162 49.063683402706346
251.0 48.515683663857835 48.944615801291675
252.0 48.074261658564566 48.09772509715975
253.0 47.692703195017955 47.37262433965126
254.0 47.88552002103853 46.620790733212324
255.0 47.921629400543644 46.650742473244215
256.0 47.17903190738766 47.300868857576354
257.0 46.32888484445914 47.88330989749065
258.0 46.19557704863482 47.894219910182095
259.0 45.87826115543319 47.094187277629864
260.0 45.503112398767854 46.2704683837098
261.0 45.19129499961543 45.80092183566573
262.0 44.67896723189562 45.64861797293853
263.0 44.326358663795396 45.476655405274094
264.0 43.75206234762125 44.65196016829837
265.0 43.9374664490691 43.783440259028865
266.0 44.38099305127785 43.101776978455526
267.0 44.55713428122457 42.46278975501135
268.0 44.28616462762443 42.430768845190826
269.0 43.410095203496034 42.03594470907264
270.0 42.88579425123221 42.194560487456215
271.0 42.16580329621646 41.49168913480416
272.0 41.60896883602031 40.43768239717649
273.0 41.22798552705907 39.5566978849686
274.0 40.35026741255901 38.7932350415643
275.0 39.6361361993925 38.44118004015245
276.0 39.43598578623616 37.74441149988383
277.0 39.456063552132235 37.00721928606545
278.0 38.96830480881717 36.81367027283043
279.0 38.03637352560201 36.72189174379523
280.0 37.34750307958559 36.76208278363639
281.0 36.270538478414956 36.23513104065234
282.0 35.32511192685872 35.14600680404717
283.0 34.72336842338003 34.210163144049055
284.0 34.587671562443695 33.19240187621412
285.0 34.18866003499067 32.726379810832746
286.0 33.611229818210106 32.239958053198244
287.0 33.20531656370818 31.88624884222068
288.0 32.48094565449839 31.417913114038317
289.0 31.538399614218342 30.832631721402308
290.0 30.860093014627267 30.452689932217545
291.0 30.553543963260992 30.170232287392043
292.0 30.226049381123666 29.862358820474842
293.0 29.66238083680884 29.584874101549172
294.0 29.098344000889618 28.80670631379882
295.0 28.528500195206586 28.218539008796164
296.0 27.91214498558594 27.307878169539915
297.0 27.455028582356892 26.772998733670047
298.0 27.338993060760338 26.750746272656105
299.0 26.850494738282283 26.094477565707237
300.0 26.32810720065103 25.599945869973446
301.0 25.51558206059239 24.992519198330353
302.0 25.109052367117265 24.650001216423085
303.0 24.95469561170179 24.631804891180813
304.0 24.854139236386004 24.2594070359513
305.0 24.709194495876872 24.619733340571198
306.0 24.358834073351165 24.723362648943063
307.0 24.137260669594326 24.377293647784906
308.0 23.884431062983865 24.102071285097164
309.0 23.600590597052214 24.155357423004038
310.0 23.658873221657732 24.384591914997845
311.0 23.32030095243412 24.36032088518082
312.0 23.148876424533274 24.339050218541722
313.0 23.075605115647697 24.17288600719986
314.0 22.818598922641264 23.538556335847314
315.0 22.76376348654862 22.93993304707692
316.0 22.626531158863408 22.866182690173407
317.0 22.480669308655937 22.927313994076368
318.0 22.228770478446595 23.303141629582964
319.0 21.8707922055843 22.87665687079965
320.0 21.55436580376321 22.54367267443159
321.0 21.35463639586261 22.05095896909922
322.0 21.266678272898538 21.87663764316154
323.0 21.14140862869508 21.800471900630622
324.0 20.478894180223254 21.582093917917316
325.0 20.188805864717274 21.523753845996644
326.0 20.42204735518217 21.276542752929277
327.0 20.505815072992867 21.05899091540724
328.0 20.63891512728071 21.17530264804319
329.0 20.744403992313522 20.74386670397336
330.0 21.02156431268844 20.46814451188073
331.0 21.295232427369687 20.70347576158131
332.0 21.635808989568115 21.17048288805595
333.0 22.039734151101587 21.317939906646778
334.0 21.81072961292067 21.21351126046789
335.0 21.057776951296677 21.42380429438727
336.0 20.387653091911577 21.348079173540512
337.0 20.05412592350257 20.863753978820135
338.0 19.805553961027375 20.219211895448055
339.0 19.501374695480838 19.488851289874198
340.0 19.335173457621515 19.371819309714272
341.0 19.646511478380667 19.395912419140526
342.0 19.840615496782114 19.80471571762723
343.0 19.79185456662656 20.28454695140008
344.0 19.631457243716678 20.05706544817396
345.0 19.34241856820818 19.668468724314465
346.0 18.932063668754697 19.171995391763407
347.0 18.951909419702492 18.604902222979003
348.0 19.288907022040245 18.161473333186027
349.0 19.50115126129161 18.02007422514822
350.0 19.73910709768581 18.31405679671155
351.0 19.671223216707645 18.535302929484917
352.0 19.49386648376524 18.70282639717476
353.0 19.39754702661989 18.94070421357578
354.0 19.16912897069885 18.907534346062942
355.0 18.727066245425938 19.21085453605558
356.0 18.289826576551256 19.097148119760412
357.0 17.94110084836898 18.693980010592416
358.0 17.901631742132977 18.279299479171147
359.0 17.930929949045222 18.24664822267001
360.0 17.750487351123454 18.558074494128437
361.0 17.55769827336942 18.66007203719307
362.0 17.443827553588104 18.510576988714295
363.0 17.31865296690313 18.583327433581324
364.0 17.13924193547246 18.564565938547997
365.0 17.411488757232362 18.73658376162963
366.0 17.601789602991374 18.59782573676285
367.0 17.634765493401293 18.307306965658203
368.0 17.757267966216144 18.094840629098716
369.0 17.396099341189586 17.74436970777365
370.0 17.203171996649516 17.86501175393368
371.0 17.198055328674897 17.938043934895582
372.0 17.1109721580905 18.09553095350169
373.0 17.023091630679417 18.353532444701425
374.0 16.848901735633216 18.470851263266617
375.0 16.545785392383884 18.484451530588792
376.0 16.295790817697277 18.151541247161443
377.0 16.249410721318082 17.68810670608085
378.0 16.33601223898942 17.22125591245308
379.0 16.33137999708692 16.307628835052416
380.0 16.40771902825435 15.91820475068875
381.0 16.647591571984993 15.822361278502452
382.0 16.879695886949325 15.578254987148764
383.0 16.754608104603722 15.630188897165903
384.0 16.297230943597317 16.06823768293403
385.0 15.69077342130944 16.7245378338047
386.0 15.213918153850214 16.73141964015094
387.0 15.006864044189381 16.28296115393008
388.0 15.040804301043877 15.567203914930085
389.0 14.821270792269287 14.778647580878669
390.0 14.592025056690312 14.27843745043665
391.0 14.31819865766785 13.924018752524985
392.0 14.26162945015426 13.529973912784516
393.0 14.432232405970353 13.521143004884022
394.0 14.578849149029994 13.380718870776336
395.0 14.7829025489177 13.694626882340472
396.0 14.73995953042012 13.89380874968017
397.0 14.464506995228271 13.554625149532491
398.0 14.115976922694317 13.370238139705291
399.0 14.038133086053312 13.267280960863385
400.0 14.205775507553524 13.499383285929685
401.0 14.541156516335983 13.687461096032736
402.0 14.370580513074067 13.864086735357183
403.0 14.159750075155568 14.029364142346468
404.0 13.815627821315442 14.06451553365838
405.0 13.614599698085788 14.274040616037823
406.0 13.47550931617152 14.550788185540503
407.0 13.281803161814876 14.414840796359234
408.0 13.119364372640065 14.391848785982642
409.0 12.829500676688218 14.10262720787896
410.0 12.874866168266497 14.143829153921663
411.0 13.385366073520668 14.411921706278507
412.0 13.760890463848478 14.407560822158134
413.0 14.02584587738197 14.131911321634501
414.0 14.209280933297647 14.07255095702822
415.0 14.184654794482384 14.462545439280253
416.0 13.989226422340868 14.418054708687517
417.0 13.775422421606931 14.446870518337002
418.0 13.85177986267841 14.710817790584185
419.0 13.732851993268577 14.736317562677055
420.0 13.74927761885761 15.023370514336541
421.0 13.536005280985846 15.365103495117998
422.0 13.601659906486175 15.526614153459471
423.0 13.715750637159363 15.769671731280008
424.0 13.694826066601365 15.488131202139853
425.0 13.849154816898649 14.961341637357927
426.0 13.91651552448544 14.270879964983072
427.0 13.948401209430797 13.506284182150605
428.0 13.751392487515842 13.215853142931138
429.0 13.189975559753387 12.719814571903825
430.0 13.045337384781732 12.251908656467167
431.0 12.68859925184098 11.722927229081668
432.0 12.365981322609267 11.436832733968401
433.0 12.140387198748744 11.857881741203995
434.0 11.81190156176749 12.270253611398653
435.0 11.89275570299682 12.657037762960131
436.0 11.95642864121564 12.421370841293038
437.0 12.069200183724432 11.946668172788385
438.0 12.250350953499522 12.033095871585125
439.0 12.431006764413299 12.214215791483864
440.0 12.372798781764304 12.634902560339345
441.0 12.653816042021619 12.92029459511766
442.0 12.833449475553973 12.564370643633486
443.0 12.727889808163196 12.059151509392104
444.0 12.392899119217702 12.009392666807521
445.0 12.269374455932605 12.220496698586773
446.0 12.207095365445992 12.331323875291638
447.0 12.16172539376211 12.362512594351568
448.0 12.26306990955215 12.445680864725412
449.0 12.160015387208219 12.203778186629721
450.0 11.884500789578528 12.004292021537877
451.0 11.695634105737057 12.096739558416653
452.0 11.604910167400943 12.55387859479047
453.0 11.409152625996684 12.786584097361061
454.0 10.860591042732132 12.316016459997138
455.0 10.732679413813127 11.906065759351367
456.0 10.529329854867363 11.808048593776315
457.0 10.575065304682939 11.976372889738192
458.0 10.862616337190024 12.437802166583225
459.0 11.163019109276183 13.049762826426312
460.0 11.652289022961154 13.549979754330918
461.0 11.873047949244068 13.3150207478415
462.0 11.783520995576506 12.976481054752558
463.0 11.732537676961769 12.934217953151451
464.0 11.56787134452615 13.029184319936137
465.0 11.587589500096936 13.311551596174402
466.0 11.43470117666394 13.615330780341084
467.0 11.07570698158119 13.409448759199904
468.0 10.681815905745829 13.414969571485623
469.0 10.084272430138647 13.257507700238822
470.0 9.65075245100457 13.612626161137017
471.0 9.451643813825164 13.981163280257906
472.0 9.559297901238319 13.701796038013072
473.0 10.084322558060363 13.349344903601448
474.0 10.578590873622815 12.974879101820328
475.0 11.001273632424553 12.974187003870647
476.0 11.316610659689097 12.606651880079118
477.0 11.166482119125238 12.612462459984599
478.0 11.119284560291934 12.750817471261147
479.0 11.183749915048171 12.52401243518517
480.0 11.495150892677092 12.245473301175664
481.0 11.610510546177512 12.261731918952014
482.0 11.696976349781204 12.206908906717954
483.0 11.672851933865473 11.926709894912962
484.0 11.332137417642963 11.450169510785209
485.0 11.084752878437914 11.210318445891705
486.0 10.85305811357477 10.92045267541257
487.0 10.773918602486201 10.63274306580292
488.0 10.53671330807504 10.634494770552086
489.0 10.39182009818374 10.815609243504928
490.0 10.274200050922973 10.899508731754329
491.0 10.119067539327592 10.464993140664724
492.0 9.955737935012746 10.108730137556428
493.0 10.047615883499454 9.89130823103398
494.0 10.445589381613598 9.568445848700314
495.0 10.90314743067195 9.429593013456186
496.0 10.62319489446884 9.16363621222825
497.0 10.451994406833688 9.024627162716385
498.0 10.118490725253496 9.050348708456779
499.0 9.847216771777004 8.8289874564788
500.0 9.858902836307996 8.955757791476856
