ns "trace A [ADC]" "trace B [ADC]"
-500.0 -0.08281231492787493 -0.22885836332728057
-499.0 -0.1055730825210165 -0.23870397618831038
-498.0 -0.10010856907596478 -0.28422812676068987
-497.0 -0.15169028944706084 -0.3388246023931266
-496.0 -0.22507515171369302 -0.41713936299216114
-495.0 -0.2929854364996195 -0.3875213535405069
-494.0 -0.19634261224705266 -0.21900616001889142
-493.0 -0.06468435919017662 -0.1901252090794689
-492.0 -0.08312208483310543 -0.16442844587967403
-491.0 -0.06830034872558326 -0.12229387718066695
-490.0 -0.19445276319538835 -0.09194888609383042
-489.0 -0.20376298009079175 0.006779780255146163
-488.0 -0.10313676807120797 -0.09187757762267267
-487.0 -0.099515841030219 -0.011081357310003558
-486.0 -0.06014420825296557 0.02811165048597475
-485.0 -0.060492845866136576 0.03099655519687667
-484.0 -0.07716169419634983 0.0030068465015953656
-483.0 -0.06705653449101963 0.07471897189546008
-482.0 0.01675681659819667 0.08717284532528
-481.0 0.021824660278041738 0.12726563594519835
-480.0 0.04254395133986827 0.17486042230873
-479.0 -0.012848761752428316 0.14685078725160994
-478.0 0.006771134590590304 0.16202393231221818
-477.0 0.021829609369236176 0.19029024955011403
-476.0 -0.05054426000706159 0.1852966354388963
-475.0 0.0202433512394432 0.18106103103619398
-474.0 -0.04557088865066763 0.13158406167655926
-473.0 -0.08349363689015163 0.17943442871995352
-472.0 -0.04491597152333131 0.21623209184449388
-471.0 -0.021180892700114112 0.1279842945519063
-470.0 0.10727202346480907 0.07269530614724362
-469.0 0.02606443964829659 0.05614858320156793
-468.0 0.006108567916956852 0.04553631783561868
-467.0 0.012788944971648657 0.04783960866047288
-466.0 -0.023598648034728813 0.02405210215987615
-465.0 -0.059207363201456704 0.07207805974240046
-464.0 0.11723749475542568 0.13680902412020232
-463.0 0.028767597021360385 -0.03741203376017063
-462.0 -0.00826266915079329 -0.05939477399818854
-461.0 -0.03721555581402511 0.07258188195872219
-460.0 -0.03980222486120192 -0.026496490277467727
-459.0 -0.04392926077708258 -0.049585661061167664
-458.0 -0.039839432170224724 0.1413812719854978
-457.0 0.06445498694468393 0.16154812649171085
-456.0 0.070920739461266 0.07905870544912041
-455.0 -0.02617285740277157 -0.09982219950482386
-454.0 -0.0738185147461832 -0.24094953981498404
-453.0 -0.037701396055642024 -0.12988955662844373
-452.0 0.03733325080238862 -0.03422267111069075
-451.0 -0.04341867187169278 -0.11479411595738628
-450.0 -0.14711498133047143 -0.13847307000018327
-449.0 -0.020886196000879955 -0.12262099113480197
-448.0 -0.03056446861050798 -0.10668040025533534
-447.0 -0.041827293424092984 -0.14436578767740427
-446.0 0.15419719301086152 -0.10032662712668086
-445.0 0.2351845040998828 -0.16859091459628098
-444.0 0.11852474209816415 -0.2136987379839484
-443.0 0.06944818715949058 -0.0879144425564461
-442.0 0.10479956557304827 0.025284416336372767
-441.0 0.14460401083037722 0.032057726706597935
-440.0 0.17424882769182432 0.020833111503538476
-439.0 0.14736056795648167 0.0695256663269117
-438.0 0.16083960727274532 0.1952898172114148
-437.0 0.23898442242923215 0.20324577022174367
-436.0 0.16720871623282438 0.13717222889695405
-435.0 0.02201052064934038 0.1061557897080479
-434.0 0.009366936198616048 0.17154606259410374
-433.0 0.12696271712666493 0.1649929143576054
-432.0 0.230017415187793 0.12247404019074616
-431.0 0.17678862246314497 0.15098058741960424
-430.0 0.16264709253870524 0.19900138401563028
-429.0 0.008296265183651069 0.1200143142384871
-428.0 -0.10012699467310464 0.02020036488600168
-427.0 -0.054911335583619186 0.0676789105343328
-426.0 -0.08538560777558028 0.07977285208879485
-425.0 -0.02147205936344699 -0.024029290057399975
-424.0 -0.02586195542600485 -0.02796962951825837
-423.0 -0.07744079000240904 -0.0929093469678729
-422.0 -0.07016776586683124 -0.30279670279630383
-421.0 -0.08178030029466042 -0.3218044639167797
-420.0 -0.14215675364464414 -0.1417590953710328
-419.0 -0.17951485593239774 -0.1119723760260632
-418.0 -0.22513048737202784 -0.1344047851768858
-417.0 -0.27977017261090253 -0.19668275532671967
-416.0 -0.3270388017974211 -0.24738784603193192
-415.0 -0.23103199028212704 -0.34867159599051367
-414.0 -0.1986594420492882 -0.412701917582798
-413.0 -0.3090064127238059 -0.27102451536359307
-412.0 -0.3291971489212766 -0.2520933071860359
-411.0 -0.3458774617665216 -0.26391716040958557
-410.0 -0.31290947434845157 -0.12101716141536735
-409.0 -0.30068167489688535 -0.11215524321147964
-408.0 -0.19196574133477995 -0.03545121432147698
-407.0 -0.08915672529959712 -0.03351293614479502
-406.0 -0.10871093663387008 -0.02513779566190923
-405.0 -0.2454337637332851 0.10427899397516603
-404.0 -0.21784013080411269 0.10889870189200028
-403.0 -0.028902153677091726 0.1393807273892847
-402.0 0.09972721971808925 0.21666885107200212
-401.0 0.041590184356737836 0.37015403855761275
-400.0 0.15890409084184784 0.34771153648200426
-399.0 0.121388266739802 0.14243121292610736
-398.0 0.1797198684410831 0.2605088972454064
-397.0 0.20718965551737928 0.3770542667743792
-396.0 0.27790820650142267 0.4988324573306465
-395.0 0.33518477305033 0.5148877622613786
-394.0 0.34924519472012194 0.316972939066378
-393.0 0.27816948934738167 0.2448926202859368
-392.0 0.2957856000689088 0.23809862252394537
-391.0 0.24815659843860183 0.2670043609397413
-390.0 0.2639148130514018 0.3657474165616718
-389.0 0.3035185646427968 0.4448229605049988
-388.0 0.33967661366502283 0.24270747222228503
-387.0 0.38651448904665303 0.23394569263771878
-386.0 0.3346599996805713 0.3695220964230465
-385.0 0.2832999428633425 0.3075887673122329
-384.0 0.39006826696863256 0.2366986945108261
-383.0 0.4653274035258743 0.15536304878555096
-382.0 0.5253499671838362 0.05649039607796453
-381.0 0.44745449306181395 0.18288445284655172
-380.0 0.40028989155042793 0.19419729583160233
-379.0 0.4090554812263521 0.10543528128105539
-378.0 0.37527064103493457 0.12466040943040722
-377.0 0.36626494776199664 0.2082097428583412
-376.0 0.3472459207429726 0.10760067919053115
-375.0 0.19866726202697602 0.07041692541737439
-374.0 0.10454819576316493 -0.11447081640516532
-373.0 0.15288299285059317 -0.06570573060868337
-372.0 0.19260925003544543 0.10090512874321313
-371.0 0.13977515733417792 0.027041980529947673
-370.0 0.046941085599997226 -0.06679284768074421
-369.0 0.04073473744211364 -0.09629247938390603
-368.0 0.011883113285351899 -0.09312831207970297
-367.0 0.03211758365879642 0.008517260396188171
-366.0 0.009104257687827258 0.007382031029915446
-365.0 0.20129437522190846 0.01918971969344284
-364.0 0.3407337254880169 0.061107495810322904
-363.0 0.3178113155344559 0.03247509389772758
-362.0 0.35654094028501415 0.05597752615126533
-361.0 0.2675200882474893 0.17586420254735713
-360.0 0.3382392482614318 0.3643714987385015
-359.0 0.4696647515242915 0.42217113879392737
-358.0 0.4348787285513008 0.334372713625028
-357.0 0.3463567600467472 0.4428203093476699
-356.0 0.28688513863322446 0.5291995623684879
-355.0 0.4788112149904714 0.5919653488947647
-354.0 0.6718286283927847 0.5959060139259369
-353.0 0.5944498174571196 0.573213414958549
-352.0 0.5077835805436359 0.6295144879441519
-351.0 0.33632885600163137 0.7375125162448253
-350.0 0.24724802275793037 0.6450039508602335
-349.0 0.36674106070176915 0.7180177748182136
-348.0 0.44530097196046825 0.6979167361185635
-347.0 0.5734344413393645 0.7925003680844773
-346.0 0.5418184525860995 0.7249130446366832
-345.0 0.32446191231719557 0.6166116031807019
-344.0 0.3741838506085447 0.6530503950965405
-343.0 0.5026431451277921 0.7574488633913846
-342.0 0.6724181714580049 0.9137276939923686
-341.0 0.6710025874891891 0.9952389822455576
-340.0 0.6771235734611051 0.9526487247884784
-339.0 0.5225920193088645 0.8444898078913214
-338.0 0.6287888434184188 0.8243531514006587
-337.0 0.61156804274444 0.8442062527451014
-336.0 0.534886930592003 0.7716931193925544
-335.0 0.43819657169424453 0.6666881738887155
-334.0 0.48003907765729203 0.6482895963094002
-333.0 0.5828394117330202 0.4523425056962229
-332.0 0.6548395052840934 0.5115931434934072
-331.0 0.6780957352122522 0.6794261491052904
-330.0 0.5915096783892599 0.816500520113767
-329.0 0.7379469082204152 0.8014080986427596
-328.0 0.7746092498818358 0.6847708804109526
-327.0 0.8587909514000162 0.7515020756618458
-326.0 0.9186284158964112 0.8457113595141967
-325.0 0.9281902103357947 0.9028079071233792
-324.0 1.1443594101586494 0.8240855464114154
-323.0 1.2893578828652452 0.7399217885086422
-322.0 1.318135626914935 0.6622158204898289
-321.0 1.253496584985474 0.6502747264008139
-320.0 1.2480255107420903 0.7214549718187468
-319.0 1.346595462202537 0.9286259293399104
-318.0 1.3941431340812411 1.1017128980522342
-317.0 1.491443128704535 1.014752813271612
-316.0 1.465496907089983 0.955278009128453
-315.0 1.2736953067977097 1.0218849944506352
-314.0 1.2956493959493702 1.1536116982379856
-313.0 1.3641264804318614 1.2459955698571443
-312.0 1.5529394076671044 1.3039177075444657
-311.0 1.610786295078863 1.2492543343378804
-310.0 1.6431727675493981 1.0522007716226784
-309.0 1.6061842841443617 0.908237797522147
-308.0 1.4472798293734312 0.9735803690594951
-307.0 1.508407814174225 1.183411104362765
-306.0 1.6489945858490824 1.2156241651286126
-305.0 1.6302179045931202 1.29568058977989
-304.0 1.5533226113661942 1.2793264783166691
-303.0 1.5521838177297675 1.296999113333136
-302.0 1.540263612830128 1.4693831163071318
-301.0 1.3997003797920526 1.5033887225815314
-300.0 1.359094166819815 1.5066463428257835
-299.0 1.3567671434637623 1.5030438227096217
-298.0 1.319590289649683 1.4571062106122468
-297.0 1.294202318623167 1.3919402156788783
-296.0 1.0748412821208244 1.3899968123608608
-295.0 1.068922469477658 1.420318747999931
-294.0 1.0274850503811848 1.3829039613255851
-293.0 1.1355466218599295 1.5144356314472074
-292.0 1.2613223397055295 1.5257033458142317
-291.0 1.1037905181969698 1.6183297472227343
-290.0 0.8977888214393692 1.6568990602442633
-289.0 0.9375585528145545 1.783396719894698
-288.0 0.9863088111539955 1.77270045479263
-287.0 1.1000905930747042 1.6962139974055326
-286.0 1.2505871592333677 1.658432431545475
-285.0 1.2255683988443284 1.6596413205984268
-284.0 1.2854373501319438 1.594579298461581
-283.0 1.3474383400445908 1.5846574917995642
-282.0 1.4206662394961178 1.5851067926127378
-281.0 1.3811404691475735 1.6177111524299992
-280.0 1.260389308549778 1.4049999500586405
-279.0 1.2967684401761734 1.396517887632176
-278.0 1.373203153077839 1.4095040910496939
-277.0 1.5242192152754441 1.5143010136345785
-276.0 1.7713888457431397 1.4763207454195708
-275.0 1.9129930486753524 1.4434854152197645
-274.0 1.7892142201555428 1.549589306308916
-273.0 1.5898775835235712 1.6083157802996375
-272.0 1.6109085427569287 1.7468796950342236
-271.0 1.6955922061888782 1.7609608449794507
-270.0 1.8829164216702279 1.7918953752859366
-269.0 2.0031327733231863 1.8987289923085235
-268.0 2.089946808105008 1.8298189106798006
-267.0 2.1177058682708134 1.6967416760451903
-266.0 2.026184013025614 1.6786220770664335
-265.0 2.0682658518955517 1.8260874139514331
-264.0 2.1293724500854427 1.8376926049306166
-263.0 2.0877852703033133 1.8608969107402933
-262.0 2.167902275721461 1.947016681462972
-261.0 2.1565432617969917 2.090344233209148
-260.0 2.176358837193454 2.233214279043603
-259.0 2.02959618518828 2.1740306416891313
-258.0 2.0143017024542145 2.2274736608481507
-257.0 2.0357817286116657 2.429330162537155
-256.0 2.061315228898224 2.485306237987951
-255.0 1.9221655559024888 2.4719339897591257
-254.0 1.9317925233319178 2.239914161690341
-253.0 2.035099572573985 2.196333287917047
-252.0 2.0970630639570293 2.2241642365228023
-251.0 2.112506004634535 2.263863764856889
-250.0 2.153445341563312 2.3191267488995786
-249.0 2.2228290936372592 2.191402883045858
-248.0 2.124841226044063 2.2130622615837288
-247.0 2.1026410517732748 2.222334941608574
-246.0 1.9797894011381374 2.147163420777994
-245.0 2.0207175384467932 2.2594973782190633
-244.0 2.0543812930524856 2.4407967416781755
-243.0 2.0208890201259693 2.274491482779849
-242.0 2.0894829730725744 2.2485934123488964
-241.0 2.105118655523464 2.12052463280846
-240.0 2.117154294804344 2.009500915174226
-239.0 2.0604933880338954 2.0327796156996336
-238.0 2.1867622288278183 2.074283133140017
-237.0 2.089899567781214 2.269635449869965
-236.0 1.9717884892561173 2.3599517770574994
-235.0 2.1094112250220145 2.383471120814908
-234.0 2.266090232999385 2.3673314951994304
-233.0 2.219088575643154 2.435180417615117
-232.0 2.036043328983034 2.4459819466751656
-231.0 1.8517085966982276 2.2731687259187794
-230.0 1.8253913408939784 2.3187472304585084
-229.0 1.9258443570474917 2.499721179362646
-228.0 2.2170201974933046 2.504919219063837
-227.0 2.287287429098517 2.5532221963563133
-226.0 2.263814010791051 2.526743571016694
-225.0 2.129845568092796 2.5495959642709916
-224.0 2.0990239354445697 2.4590602099860703
-223.0 2.1729232358798045 2.5948457645767316
-222.0 2.291396265946851 2.8231641756744725
-221.0 2.38760393870014 2.8764320371461696
-220.0 2.3583994201342806 2.7027085958562953
-219.0 2.245103478378732 2.67219745579836
-218.0 2.055678946508565 2.8091249655171406
-217.0 2.076604539792251 2.992089219354457
-216.0 2.081837004055827 2.9274029257870247
-215.0 2.1264747694979826 2.8735942502178062
-214.0 2.071226314653653 2.9119266742849153
-213.0 2.1363767616929246 2.853917308448044
-212.0 2.2970483839045506 2.798895869444659
-211.0 2.3232658596835534 2.5166697633533257
-210.0 2.2292283501154686 2.5317280528465913
-209.0 2.2878189823885924 2.5205794842068032
-208.0 2.267486776561269 2.4927581128535907
-207.0 2.3314452210849703 2.4013719480539364
-206.0 2.2997673587036336 2.241361416314012
-205.0 2.2422420164138543 2.339929229571279
-204.0 2.214190008262448 2.38111437852617
-203.0 2.203752548484275 2.4044088841786353
-202.0 2.3952983165082626 2.509023532263811
-201.0 2.460654730637536 2.5889407293882547
-200.0 2.665301013626822 2.658405952805652
-199.0 2.504051009298741 2.44668329223709
-198.0 2.3448158899414944 2.3447168757239774
-197.0 2.42068223387535 2.365999709837211
-196.0 2.479770285499653 2.288841315516192
-195.0 2.494644672198652 2.306703852590987
-194.0 2.5491963003502356 2.3489747150764475
-193.0 2.4361902105840265 2.5381049652118506
-192.0 2.465986687214715 2.52771795595464
-191.0 2.4225363706613563 2.4600434530590762
-190.0 2.447855840840749 2.5449431024342473
-189.0 2.6086159674931375 2.6229774832516104
-188.0 2.608512605843735 2.763701001776772
-187.0 2.6251094973131623 2.8053488824346626
-186.0 2.524221481589856 2.5783577291992805
-185.0 2.433671334994311 2.381464467716431
-184.0 2.4874863098703504 2.380622616930128
-183.0 2.3714764666542667 2.517695830277738
-182.0 2.4055593796209074 2.543285244647901
-181.0 2.3555375679170942 2.4883435243658587
-180.0 2.252565075879387 2.5024310524180753
-179.0 2.0643431196315345 2.5921770947834366
-178.0 2.1177522041288306 2.6488322095195054
-177.0 2.1419130101560224 2.6468029855807114
-176.0 2.1391993151221977 2.7047724816976157
-175.0 2.1736142398517635 2.677545712947175
-174.0 2.0785220524274557 2.787825265234386
-173.0 1.8406640782462964 2.9742107283168204
-172.0 1.7967490785100275 3.176172601817741
-171.0 1.8299896799511726 3.1036922258410318
-170.0 1.9585982939595064 3.2030533361675904
-169.0 1.9498812045809006 3.2325140796189293
-168.0 1.9177894601615215 3.0741568379307354
-167.0 1.9733096996936468 3.113449356519634
-166.0 1.8526721751085649 3.1857557132651753
-165.0 1.683155417120864 3.0627967634456277
-164.0 1.6680534300612826 2.992615801979141
-163.0 1.7329741340910383 2.9298052025175965
-162.0 1.9033355181763119 3.0147891504199515
-161.0 1.9035215588636591 3.0279092230698654
-160.0 1.896790887889941 2.9054726941052635
-159.0 1.9876515877993726 2.8076612162708368
-158.0 2.0415176368969017 2.8660034120754787
-157.0 2.2387483471992367 3.2769812487513477
-156.0 2.3332074180079974 3.369351881880392
-155.0 2.3414312973759603 3.336727976538909
-154.0 2.255907677697179 3.1743902397898314
-153.0 2.3865294810893944 3.072433349521495
-152.0 2.712107105696827 3.074794258478939
-151.0 2.8078299169551997 3.0741143460460396
-150.0 2.671992502900242 3.188228460851386
-149.0 2.6334404305280397 3.33622071638188
-148.0 2.61061982781975 3.49589576821307
-147.0 2.6945925087114206 3.8456606986736186
-146.0 2.6959901031721976 3.872908147180532
-145.0 2.8559790027445064 3.6948556404726682
-144.0 3.000196549792654 3.519055151715835
-143.0 3.1155438793209678 3.345936906917212
-142.0 3.2384116661677527 3.459604772667565
-141.0 3.392451007459317 3.6445485944725586
-140.0 3.3638128023681286 3.594527841448142
-139.0 3.4046070136025146 3.4868071675810435
-138.0 3.479509274325164 3.3435138540641827
-137.0 3.5736424180870325 3.423798335458623
-136.0 3.5906486540496 3.5050797774021047
-135.0 3.658487425875786 3.751713500733777
-134.0 3.843527596919839 4.026133716510955
-133.0 3.757902528674454 4.3126127095387705
-132.0 3.9003276440095274 4.485515372820588
-131.0 3.8507634691061017 4.447265656006371
-130.0 3.6634387096638616 4.212755444054899
-129.0 3.621722384354091 4.093782130367062
-128.0 3.882464058189114 4.2171019815817115
-127.0 4.118376964251684 4.2461283308814215
-126.0 4.0792020237360855 4.27566806593554
-125.0 4.076881102170731 4.236602874520846
-124.0 4.109425440582636 4.6203435170123095
-123.0 4.082806780175313 5.024499900515146
-122.0 4.1211281101345545 5.39524368775473
-121.0 4.2922715568925405 5.646729092883391
-120.0 4.416861041233084 5.883690598127379
-119.0 4.4641616871115515 5.895528676731973
-118.0 4.733589243200376 5.901949769085537
-117.0 4.950507961317717 6.056770891697499
-116.0 5.113931190338391 6.090766738006582
-115.0 5.511648248946957 6.130734585532924
-114.0 5.692093630414204 6.330250098546462
-113.0 5.8747092081250045 6.609595225370031
-112.0 5.931016605887021 6.943181593593181
-111.0 6.096092489907149 7.081848781580981
-110.0 6.20546618555043 7.430272433305572
-109.0 6.478064563371089 8.166173130269025
-108.0 7.019489003736043 9.00685379688089
-107.0 7.768028468184099 9.745811428970693
-106.0 8.689820049800923 10.06460166427543
-105.0 9.68041076858306 10.26296346713893
-104.0 10.768796552185284 10.830236207203868
-103.0 11.999887724535279 12.05247723416864
-102.0 13.770935442383657 14.473922079920797
-101.0 16.278219422109732 17.925535620395063
-100.0 19.94465567112515 22.501596097627267
-99.0 24.609000019198607 27.657725415466423
-98.0 30.853025963922295 34.252772220416304
-97.0 38.606038876255006 42.488383275343615
-96.0 47.68584166001844 51.89441286115232
-95.0 57.73260718676425 62.103575107393276
-94.0 68.44403620586799 74.06254014897377
-93.0 80.17535836392409 88.20170868284427
-92.0 92.64124186062358 103.75914371184504
-91.0 104.70457525765156 117.97557254745105
-90.0 114.52240345823608 129.85228411214493
-89.0 121.56091595430586 138.30399398313713
-88.0 125.77494784606 143.443465769061
-87.0 128.70401532873112 146.34778034939166
-86.0 130.27584918575408 147.7154566213975
-85.0 131.1294204993702 148.10716527559742
-84.0 131.60233471507885 148.4653641850475
-83.0 132.95034596214336 150.23132705455484
-82.0 136.1129825975413 153.8300978876538
-81.0 141.5094815589033 159.8446468582401
-80.0 151.21165917023842 169.8980635164351
-79.0 166.798040447593 187.3101308936066
-78.0 188.9440049578799 212.92381127213187
-77.0 216.89210230558723 245.737427992397
-76.0 251.73814469791586 285.6622005328399
-75.0 293.37367436091114 333.1698952424532
-74.0 341.12881009997164 387.6912432357532
-73.0 394.14055450496954 447.71554972775806
-72.0 449.471661958747 513.4332577617699
-71.0 504.57405068525736 578.453937991792
-70.0 556.3626033930944 639.3681563288682
-69.0 600.67431285361 690.5954446176195
-68.0 634.5201266546311 730.1998914368469
-67.0 658.977038544458 756.4647401465267
-66.0 674.6420954687342 770.6208492011453
-65.0 681.2331301878841 775.5441243659338
-64.0 680.9128045283771 773.6346075197566
-63.0 675.4349256994477 767.8885425647976
-62.0 666.9893426445393 759.7954142368625
-61.0 655.7382394988871 747.9705126107588
-60.0 644.292423779119 733.2445353115744
-59.0 634.0459286190984 719.7723502775199
-58.0 625.522732076482 710.5021640281464
-57.0 617.9668453917143 701.8400211344119
-56.0 612.1881941415971 693.4114580039617
-55.0 608.8796810906216 688.7456324560494
-54.0 606.4919476880278 689.0764123614173
-53.0 605.5647306290891 691.1749848926837
-52.0 608.0997880516483 694.8643239503098
-51.0 614.0815412062838 700.7768959001775
-50.0 623.1913372151108 712.1391059505721
-49.0 637.0400179808416 727.4984649604364
-48.0 656.2506330720902 748.5639277053957
-47.0 679.5527938323481 775.6988322858834
-46.0 708.9168207325922 810.9990126197314
-45.0 744.3794649827531 853.1682638297623
-44.0 784.297606759885 899.0422476236943
-43.0 828.6222609077748 950.6781444680045
-42.0 881.1607590456057 1010.0137293404667
-41.0 939.0881905702771 1076.697637506534
-40.0 1000.9471977737433 1147.1362617553036
-39.0 1065.9357032732473 1220.0861947539167
-38.0 1136.0544296097585 1298.6688496119418
-37.0 1209.6564889227793 1385.5904972773606
-36.0 1286.6124098658522 1477.5250400391303
-35.0 1364.4423654995453 1570.1152024634528
-34.0 1443.7424240234936 1668.9156837037435
-33.0 1526.5706638409479 1776.0928596532451
-32.0 1614.9799699714742 1883.724303031727
-31.0 1702.612435497521 1988.8904914020768
-30.0 1789.9088873067708 2089.014602156927
-29.0 1874.1341379264038 2189.212042700032
-28.0 1957.4509274705258 2285.8233363978993
-27.0 2035.8246766215566 2375.5768240004113
-26.0 2109.1974149099133 2459.5316551773954
-25.0 2175.925620281913 2538.2291509314673
-24.0 2236.38188272429 2610.1376553834357
-23.0 2290.196265316592 2676.252614597437
-22.0 2338.287671502113 2732.968102273905
-21.0 2381.607696309656 2780.2975702758363
-20.0 2419.2085951819618 2818.9629359401165
-19.0 2450.4786635292367 2854.099427769468
-18.0 2479.1845296425636 2882.647269802446
-17.0 2506.126130728947 2908.7437434713283
-16.0 2529.9389283723804 2931.825125706794
-15.0 2547.7897482888147 2953.372007767712
-14.0 2562.6542245806727 2971.1733051040546
-13.0 2577.3179390338328 2990.1952934300953
-12.0 2592.6655007827426 3008.7750646253517
-11.0 2606.4459610093663 3023.4301167204612
-10.0 2615.628985110494 3033.8576405055123
-9.0 2622.343617398879 3041.497697291461
-8.0 2627.8913909980506 3043.551341480844
-7.0 2628.141611170532 3043.9765805089155
-6.0 2620.996717031663 3036.3354047949297
-5.0 2608.967902764362 3023.4616741246923
-4.0 2588.3369329555267 3002.8112647585554
-3.0 2561.5784268242996 2977.4225938839104
-2.0 2532.9843087796235 2942.5927245095013
-1.0 2500.1682502968997 2898.2121139356946
0.0 2461.4424296358584 2846.828554400111
1.0 2414.7529944268863 2792.0631822499677
2.0 2362.105138619659 2730.400470032962
3.0 2304.409610843847 2659.878935703847
4.0 2243.257976495498 2583.007298411332
5.0 2178.155093507363 2504.131739024784
6.0 2107.16443195786 2421.003115750005
7.0 2028.2180780518738 2332.1500965584773
8.0 1950.658526847721 2239.454164682346
9.0 1876.2749008094254 2146.5688063171247
10.0 1800.7185725430897 2055.711642723128
11.0 1723.3105093900663 1965.8967425734877
12.0 1646.5298713113104 1877.2710197008284
13.0 1575.2711475185265 1790.4181252529518
14.0 1508.8019899287087 1710.744382021362
15.0 1447.6342135475613 1635.5053463119389
16.0 1390.9321732551973 1568.0958519527787
17.0 1339.6848034459517 1509.296656378008
18.0 1292.1820822775235 1459.1518981114268
19.0 1251.9457093033648 1413.6897518343142
20.0 1217.7062835182064 1373.4370747188389
21.0 1187.2500124301744 1338.4373098887015
22.0 1159.7139358400518 1310.5182661923038
23.0 1136.804712637577 1285.8976351966485
24.0 1118.4048252950358 1263.6982045126083
25.0 1100.9362487287344 1244.5896388082908
26.0 1086.1856294351442 1228.903895554973
27.0 1075.9033280268059 1214.5914650323682
28.0 1069.130638992165 1201.4687141424135
29.0 1063.8551698411625 1191.8782479708439
30.0 1059.3700114993808 1187.8912308890717
31.0 1056.7661535467432 1185.6683199845133
32.0 1055.8144785689817 1182.725345990136
33.0 1057.5189005289235 1181.8986606758222
34.0 1060.2536548145874 1186.0677493537962
35.0 1065.1653867173825 1194.2188695672498
36.0 1072.3279503552965 1203.500622741319
37.0 1081.6165737357899 1216.4119286732212
38.0 1093.9917608904886 1233.5510302764278
39.0 1111.2961852874812 1254.0443524185102
40.0 1132.6792648313585 1275.9004699608117
41.0 1158.9595390573336 1300.714512575671
42.0 1188.525297061768 1329.7974383893181
43.0 1220.2240940670742 1362.9659061319473
44.0 1251.4747985104689 1396.4764607469665
45.0 1281.1103379048986 1428.9774350677326
46.0 1308.5648225018406 1456.3365157959827
47.0 1330.715961121068 1477.845612260269
48.0 1342.5064943179568 1491.3644732545913
49.0 1342.9582635497027 1491.8028251040726
50.0 1331.226314710988 1475.9311139165147
51.0 1302.5515202925553 1442.2485967027192
52.0 1256.8130560689199 1392.9384570575587
53.0 1197.829037375388 1327.8935625223423
54.0 1128.3134875500696 1249.9516143298906
55.0 1053.546607803536 1163.3858505865326
56.0 976.2992733948437 1075.1711951728482
57.0 899.8022945582358 987.7052970269287
58.0 826.9381165300375 904.0338795963194
59.0 760.6613983555861 828.3538978086904
60.0 702.5357424036613 762.4767296663724
61.0 653.0446703341615 704.5312295945173
62.0 611.6638930815055 656.2012440171562
63.0 575.9015945728105 617.4025797226899
64.0 547.0064759713907 586.7277738610451
65.0 524.1478836247148 561.5645357149558
66.0 505.70842003653496 542.109144000595
67.0 491.17399096563565 526.9556739854046
68.0 479.0043947235229 513.3542427440027
69.0 466.9362591225665 500.6843749091566
70.0 454.4587781059706 487.41514998161273
71.0 442.5700449612795 475.8382970036472
72.0 429.3608699617977 462.9174794498454
73.0 414.076461538006 447.9420114711368
74.0 397.7458213702001 429.8038492775876
75.0 379.7956521922471 410.29405855224536
76.0 361.10804562256544 389.7791537601561
77.0 342.4398751582106 369.0265532374903
78.0 324.273116917902 349.2888641733423
79.0 306.7034181829822 332.01975156492136
80.0 290.57983330931796 316.5310505737965
81.0 276.3430964314727 302.51223244330987
82.0 264.09947937712633 290.3376323271231
83.0 253.45946353004342 279.0393148177178
84.0 243.72454194361833 268.41951329887536
85.0 234.37051116786338 258.45625662053226
86.0 225.87513665261744 249.72078839492696
87.0 218.7365732643716 242.00330975038204
88.0 212.19417250733068 234.51431981904736
89.0 205.20055804573343 227.54872694831954
90.0 198.91111602317693 220.96899247123557
91.0 193.1297529448174 214.4406118731462
92.0 187.57242537789224 207.60246182619207
93.0 182.15609739071922 201.92485354127183
94.0 177.41392924592398 197.00442251108285
95.0 173.12702386062156 192.26463835541222
96.0 168.63618313559715 187.68526892816752
97.0 163.83030144735852 183.0803242321785
98.0 159.6928391948755 178.66508855519436
99.0 155.83632237814436 173.1435900018853
100.0 151.96454845105194 167.9833888981337
101.0 147.94233503055463 163.40125353382578
102.0 144.67009842288454 159.32800756488245
103.0 141.80107542883846 155.48834632162618
104.0 138.53850346145558 151.81557957150116
105.0 135.202639946889 148.8588968272298
106.0 132.32498682778365 146.41039343964425
107.0 129.60808181322753 143.39592962022735
108.0 127.2418870307111 140.61174380875303
109.0 124.85314623952547 137.5032497516093
110.0 122.61437739718063 133.7644310423216
111.0 120.09632823236201 130.36047033934142
112.0 117.70570233934353 127.9241960791295
113.0 115.0994459039394 126.10978060279842
114.0 112.1351386803636 123.71249787844572
115.0 109.66666799348145 121.09985831838773
116.0 107.60231646507776 118.94339883844584
117.0 106.16481378396432 117.05617584856324
118.0 104.15541225455783 114.90597545627348
119.0 101.5060997581481 112.8274276881105
120.0 99.00745869844985 110.58145175400344
121.0 97.59436523788149 108.03696083297125
122.0 96.492865293463 105.02472061514605
123.0 94.47799328493392 102.45803855194782
124.0 92.35071528719665 100.39392372346519
125.0 90.22324485166142 99.03119192749158
126.0 87.87035278231676 97.32922824006067
127.0 85.24003032458984 94.91943157280109
128.0 82.48653257854693 91.42628199111421
129.0 79.8081283207011 87.71780613987184
130.0 77.21768016308451 84.64759308145577
131.0 75.03069394799248 81.8071133469649
132.0 73.28602460286045 79.79654733112504
133.0 71.46660532705184 78.23312348815674
134.0 69.79495542826933 76.54193817058848
135.0 68.2297997782282 74.7690711185692
136.0 66.65292359684233 72.85771906352456
137.0 65.26537323827755 71.20365820796314
138.0 64.16557576350104 69.76872033712172
139.0 63.431043675552495 68.76068136997944
140.0 62.91505501880488 68.29724355631087
141.0 62.258374335314386 67.83734984371294
142.0 61.45606325899897 67.61209981567342
143.0 60.85433664784239 67.67885756670515
144.0 60.23815427338567 67.98964847704922
145.0 59.79203363493542 67.97328258928574
146.0 59.43194771747289 68.59599065024372
147.0 59.59807267377033 68.98637605697601
148.0 60.662508389436255 68.48458893970194
149.0 61.355624855865464 67.07176979435518
150.0 61.37261224192154 66.52235177031243
151.0 61.512792539299845 66.12470406779971
152.0 61.607641144151074 65.3105082044401
153.0 61.49032285978058 64.58628161691965
154.0 60.92476301288329 64.49734373888741
155.0 60.17286834650776 64.63556909707619
156.0 59.678473877371076 64.40859024705945
157.0 59.40688953596813 64.35792617423517
158.0 59.3335539375983 64.54617629507638
159.0 59.28796372432824 64.57143933599768
160.0 59.49714159230623 63.9534712934729
161.0 59.84358474063526 62.65478643309494
162.0 60.35914239633221 61.56138942510948
163.0 60.975296942528566 60.91388790764542
164.0 61.61619327606365 60.17138667931158
165.0 61.741555866521786 59.758259584427066
166.0 61.060044882876525 59.64339180036118
167.0 60.109107247296485 60.03345135159318
168.0 59.38177739068945 60.30473801443515
169.0 58.693326053170026 59.84071681485575
170.0 58.11148099378552 59.11847374688035
171.0 57.937361915638355 58.4272501507359
172.0 57.49760029028361 58.3018822634107
173.0 56.69744465241328 58.27793665596054
174.0 55.94632412087288 58.03722639145951
175.0 55.50395148534246 57.1387108036307
176.0 55.26250675345912 55.77165390784867
177.0 54.10261507021271 54.44484790167546
178.0 52.33017925004643 53.271830858305876
179.0 50.53591043349171 51.9230702995032
180.0 49.23936018461602 50.28321970118326
181.0 47.787146573461 48.54479754633939
182.0 46.48232415189039 46.92598541081112
183.0 45.27817655668351 45.79921564756349
184.0 43.7907629737124 45.03381670352592
185.0 42.425571365760305 44.69242987411174
186.0 42.39659398052299 45.34275666820112
187.0 42.917914756734184 46.01333912974347
188.0 43.624866316200226 46.0624919795701
189.0 44.69504428581695 46.19557548667521
190.0 46.50470581498169 46.90146364347286
191.0 48.01226903010612 47.30587796579468
192.0 48.456957964212066 47.82049065092526
193.0 48.46884859968537 48.93160747721959
194.0 48.936665525487534 50.090935638963806
195.0 49.735394415378906 51.36863567207565
196.0 49.78915260880629 52.203408398784404
197.0 49.560019707361405 53.34659909021107
198.0 49.687444861727414 54.02662626337273
199.0 49.67220042097556 53.978717554418296
200.0 49.439693205645014 53.465788543550126
201.0 49.409387846784384 53.18657249456701
202.0 49.33830814085669 52.973768698109936
203.0 49.41212842457168 53.034678612692844
204.0 49.450073552280166 52.55954854007677
205.0 49.311722994014275 51.76032408239972
206.0 48.87811569457488 51.39078035372981
207.0 48.55105130013973 51.468973489711175
208.0 49.17520469080306 52.17101974213856
209.0 49.75823579319147 52.37743070530094
210.0 49.8974091148945 52.531319202212735
211.0 50.04711760685731 52.449879542904206
212.0 50.37898823658051 52.01046191337518
213.0 50.885001414466736 52.372852110177135
214.0 51.31250857960966 53.40673764926845
215.0 51.7908148843021 53.90100517957646
216.0 52.00243810564829 54.13640156428706
217.0 51.57912165983039 54.79165553940266
218.0 51.033279990844164 55.41755050966331
219.0 50.9345223862309 56.01936077081613
220.0 51.07648317525656 55.5537391673738
221.0 51.248689090363136 54.47464244359122
222.0 51.76462008654508 53.70030310262924
223.0 52.38583543617302 53.854046818111705
224.0 52.44409508974202 54.1317662954039
225.0 51.97908105258337 53.9793753339622
226.0 51.85786816743352 53.87814544107425
227.0 52.3382124679493 54.24002219231964
228.0 52.44692061630669 55.170379313720716
229.0 51.984047850511374 55.44029606097752
230.0 51.8355029701561 55.136692327037046
231.0 51.78898810346547 54.42321166198501
232.0 51.92509531532943 54.00179287916637
233.0 52.345033805490836 53.426261883451325
234.0 53.029901898015375 53.46820481135698
235.0 54.004877598194156 53.701926691701985
236.0 54.70634403108018 53.71371749554714
237.0 54.612051252722075 53.51884682968592
238.0 54.18806241381392 53.408291323666795
239.0 53.762700391458736 53.44749629568171
240.0 53.53473580962553 53.63678734619723
241.0 53.39550241239944 53.934573179485724
242.0 53.07302869312199 53.83149427431601
243.0 52.912149857354606 53.51871087984885
244.0 52.659812501838594 53.226510400809715
245.0 52.77658153918182 52.95200269260455
246.0 52.573609087563185 52.61625409109276
247.0 52.188930610013486 52.37644744507072
248.0 51.77106758453303 52.2620175494392
249.0 51.539991163861124 52.165599395530975
250.0 51.16660528545185 51.64445069695957
251.0 50.391817096855696 51.267294144177896
252.0 49.67297424425575 51.35025823110098
253.0 49.46455708154211 51.33058382419554
254.0 49.45204460318313 50.84124211165413
255.0 49.48788732507697 50.28048329593919
256.0 49.415098609640154 49.93536969181134
257.0 49.39445623111239 49.44289263485568
258.0 49.31707402991287 49.035865709648995
259.0 48.65152792649611 48.83590760180245
260.0 47.99665778310603 48.619529129293674
261.0 47.445742371520026 47.86581158085442
262.0 47.05560377221676 47.228022768817084
263.0 46.68764045628571 47.45356424483206
264.0 46.0969570302089 47.98330382643058
265.0 45.94658358500236 48.41535279834091
266.0 46.01862192565374 48.477401875148715
267.0 45.89463801020951 47.935537201351615
268.0 45.48662049713952 46.84331595124365
269.0 45.177334646723246 45.347385164621876
270.0 44.69938046514342 44.22483011537781
271.0 44.26253050972031 43.802922441228404
272.0 43.68215723228581 43.09255874489849
273.0 43.01400000738945 42.2736073673582
274.0 42.2850362532803 41.47013115273293
275.0 41.90465417572533 41.12311089155488
276.0 41.5391750687852 40.30701406272944
277.0 41.15493574946207 39.397962491194946
278.0 40.89326065168046 39.01918385627606
279.0 40.62798552142607 39.1736404103146
280.0 40.18980392072628 38.96283941775095
281.0 39.31056727072604 38.630954765223976
282.0 38.65877960807758 38.2749146004288
283.0 38.324061092857335 37.87798373224772
284.0 37.91830708175343 37.217854727818214
285.0 37.010800554995775 35.90635217573759
286.0 36.375783770681124 34.77202301371362
287.0 35.604591447091536 34.214920100972854
288.0 35.1037994633436 33.89635163174146
289.0 34.47507387249954 33.63854714014008
290.0 33.96065147818417 33.19904555185974
291.0 33.456121512924696 32.55567360063148
292.0 32.56101176452956 31.95745414165204
293.0 31.92937870945256 31.205080595084695
294.0 31.758260283364333 30.489562859420026
295.0 31.620968085902355 29.990982293846645
296.0 31.102096454454514 29.64116663839899
297.0 30.55715519819582 29.53734292978685
298.0 29.82511232965741 29.219710166701628
299.0 29.12036862016504 28.740479491706264
300.0 28.613670209542057 28.23525202761116
301.0 28.3992110817313 27.666196021410368
302.0 27.901270136080115 27.148132791697556
303.0 26.99815190631341 26.77340743907795
304.0 26.03543863025531 26.3945830783538
305.0 26.06134815693551 25.906413693785762
306.0 26.070717813843345 25.45653867899789
307.0 25.996673486808664 25.410106307300854
308.0 25.41263423660618 25.634526825440606
309.0 24.646816886404867 25.544201481794822
310.0 24.04662777535035 25.302704135665337
311.0 23.683471034250896 25.00281526855136
312.0 23.238121749241255 24.81905973384365
313.0 23.004954122269467 25.01614696248944
314.0 22.8274822710733 24.54635788042834
315.0 22.61227552274692 24.093731211008606
316.0 22.433870032295957 23.91490678769086
317.0 22.55352101702127 23.870450431022622
318.0 22.431134890028776 23.809473279568294
319.0 22.400406343920295 23.507604588715793
320.0 22.59334267166873 23.221382649001274
321.0 22.327077177559563 23.104117354969528
322.0 21.975144206226396 22.982733387204203
323.0 21.722816233562366 22.64328048212628
324.0 21.847977059519234 22.172858287688264
325.0 21.872107877179104 22.14637827611996
326.0 21.619372744419056 22.48700994436183
327.0 21.100125364586077 22.674183926548626
328.0 20.747399071190806 22.380836251330333
329.0 20.51224892456088 21.97739401484075
330.0 20.69050819927428 21.849667674039804
331.0 21.074786400569323 22.031730022686293
332.0 21.351522983796798 21.883185487561736
333.0 21.503244595099694 21.425066728699207
334.0 21.590241359479215 20.77472085580766
335.0 21.531302688513012 20.554394504184827
336.0 21.635727480381693 20.612466627666517
337.0 21.82248275519516 20.938851683092057
338.0 21.60649722983717 21.084276963230927
339.0 21.020225173131163 20.707786114626128
340.0 20.613142085897447 20.543567863077964
341.0 20.332961503665143 20.246314625480696
342.0 20.280836223010816 20.229747482613238
343.0 20.514339700958985 20.229673640792114
344.0 20.713597097323646 20.067328612557528
345.0 20.79237255028787 19.845491482129887
346.0 20.251284377860678 19.528521438819865
347.0 19.905808742838207 19.667507460234837
348.0 19.923646278306226 19.915257023828637
349.0 20.198555482023355 19.697235113129633
350.0 20.35982369781634 19.69922592512677
351.0 20.251292062861214 19.796576440523932
352.0 20.284832305323047 19.363164059907977
353.0 20.395582855776613 19.162435540387595
354.0 20.348906440681123 19.246499173262382
355.0 20.204566195525626 19.414306953296435
356.0 19.96515644326664 19.53425218367007
357.0 19.515360945539584 19.33463039448241
358.0 19.31797235185229 19.015668429627556
359.0 19.099691607571756 18.674284375272183
360.0 19.033989719414542 18.199184006516465
361.0 19.00316852296048 17.855955080938482
362.0 18.936962319172274 17.95305534433007
363.0 18.492821656471957 18.399722219499193
364.0 17.901405519589286 18.619119398165935
365.0 17.55285886017197 18.62397726314459
366.0 17.229702059211554 18.40781794043981
367.0 17.040090314157858 18.611564190310784
368.0 17.162550993756117 18.48987218237217
369.0 17.381648883959148 17.909737238643537
370.0 17.449249088451722 17.481888311397917
371.0 17.35381054794433 17.445044597720628
372.0 17.2015850564328 17.383844811291052
373.0 17.29076051816389 17.3489012712154
374.0 17.28931883123872 17.214659663572984
375.0 16.739055515601965 17.203765019165928
376.0 16.265474933971785 17.024806928114977
377.0 16.080886176671573 17.23475530786086
378.0 16.168346692589605 17.453258641809644
379.0 16.50544290187048 17.268538128289666
380.0 16.709160703722908 16.765067851818284
381.0 16.59264227722429 16.361841686029578
382.0 16.272613548360027 15.940602989416622
383.0 16.395351661405925 15.711679131090188
384.0 16.631036396724152 15.547338498485141
385.0 16.362075443396485 15.652635674858113
386.0 15.897994029187286 16.112100447028638
387.0 15.336759139230136 16.33979588981158
388.0 14.951870959427685 16.268461074890748
389.0 14.690577328729336 16.012872894313308
390.0 14.648732241397166 15.781180392372157
391.0 14.734489811238934 15.48669979965675
392.0 14.785388820450306 15.276176811166104
393.0 14.834162770634022 15.228652565924865
394.0 14.853988515220456 14.965859252397978
395.0 14.948432020750937 14.483757275836277
396.0 14.900672436359075 14.223901117003843
397.0 14.945065923281915 14.270975304529724
398.0 14.989218489421043 14.107710286478017
399.0 14.778575480348765 13.852872726949906
400.0 14.412729466857584 13.500285925261963
401.0 13.728256493769681 13.177948030835749
402.0 13.42696032327057 13.157041012212133
403.0 13.456624233639799 13.22028512472362
404.0 13.605414722724792 13.374263571130184
405.0 13.6410723904047 13.895965599177082
406.0 13.709121104958534 14.00516333339016
407.0 13.73347104745997 13.944732932085168
408.0 13.889873377049499 14.27240178265187
409.0 13.732593292581997 14.693330763476835
410.0 13.488557585338185 14.782202521741711
411.0 13.51347622004623 14.59081894248604
412.0 13.67688536715178 14.476265093427774
413.0 13.693331910190594 14.367635925396733
414.0 13.567315689673627 14.179503274652701
415.0 13.865857519343667 14.0471457808321
416.0 14.01849414021176 14.095660388320962
417.0 14.091757375394456 14.145091914854577
418.0 14.391422821952016 14.02345485361633
419.0 14.427743302766189 13.789225983919241
420.0 14.356008681187898 13.974671439713097
421.0 14.14530061569353 14.046609951816379
422.0 14.154631769363666 14.072104837988299
423.0 14.108572498329046 14.134706812248044
424.0 14.083499636220576 14.410933461534425
425.0 13.961175011626645 14.59868849653448
426.0 14.05539234210891 14.630353558160682
427.0 14.149790509424726 14.535296065730522
428.0 14.146822631111169 14.648414109667566
429.0 13.922849312542636 14.594129599922017
430.0 13.876359623532593 14.497025662348548
431.0 13.636500262159277 14.19882980825827
432.0 13.14396115976342 13.811190440214952
433.0 12.939470024779826 13.55784383708805
434.0 12.974048622935985 13.19738395966819
435.0 12.694900120230818 12.893999917304955
436.0 12.248733992202991 12.610241557822887
437.0 11.91283135063954 12.543239286231138
438.0 11.729411754526028 12.77460832467135
439.0 11.62066582749665 12.745381859291243
440.0 11.743883837459277 12.45877090619798
441.0 12.122909058470043 12.164816809406116
442.0 12.18235413520165 12.33217778138025
443.0 11.973140537927152 12.750469400672058
444.0 11.8085796806871 12.650074292101436
445.0 11.828316489942098 12.60678101318239
446.0 11.974416376441555 12.650118053127375
447.0 12.158202532064198 12.639752635290979
448.0 12.393956681917444 12.529087272072783
449.0 12.430045521549024 12.29820716549598
450.0 12.323995732394996 12.342028200383556
451.0 12.14124755763667 12.152481635322145
452.0 12.054613749091063 12.117722241334342
453.0 11.73181575924313 12.328838321017496
454.0 11.480200150208416 12.277437159571495
455.0 11.306775570880697 12.320150625291506
456.0 11.09711916733523 12.204753892978072
457.0 11.070819921826256 12.244215565677376
458.0 11.193035930489838 12.310271199884278
459.0 11.089883852169157 12.276190995239281
460.0 11.079795270873602 12.215317017223475
461.0 11.01975569412891 12.266216728486304
462.0 10.884527031637557 12.331350458424991
463.0 11.10299438683765 12.589993855114233
464.0 11.675361196673226 12.690553894572288
465.0 12.038550585382666 12.679884859100795
466.0 12.17769057531584 12.89396959096191
467.0 12.146276989774044 12.945866194136881
468.0 11.911167654133783 13.239049364834816
469.0 11.585750165549289 13.500227477228162
470.0 11.456812929812255 13.794602221567152
471.0 11.372116621521352 14.043510715261968
472.0 11.117655053724699 14.186971039836878
473.0 11.011795078156128 14.067674921696744
474.0 11.111203185335038 13.940337423741898
475.0 11.122205108776622 13.909800381540233
476.0 11.009162800095416 13.924058713148698
477.0 10.991276741136407 13.52294705452845
478.0 11.076914978870224 13.117761771537532
479.0 11.198355969316628 12.868095211833827
480.0 11.298798207653327 13.040211135765679
481.0 11.032626509531845 13.0757144194436
482.0 10.982085521741327 13.101659622462856
483.0 11.086557428654944 12.987831068080109
484.0 11.149751242818235 12.774710809320618
485.0 11.1128640403652 12.317342967586034
486.0 10.898306815290868 12.005875400816818
487.0 10.852764462546016 11.760889496976706
488.0 10.98826977977756 11.427137892338651
489.0 11.14780870104786 11.060210435501704
490.0 11.102985689504266 10.833323444504982
491.0 11.017487589145029 11.158015122279913
492.0 10.783680773495497 11.39401975094643
493.0 10.505299111304268 11.089281271373187
494.0 10.447373787303158 10.722688246780459
495.0 10.45731370520544 10.554392918921767
496.0 10.42084072214851 10.174319231421551
497.0 10.505036030536397 9.683775684639176
498.0 10.745399498715656 9.491692945580704
499.0 10.76877883763438 9.187064123250918
500.0 10.87984940263733 8.875808439110006
