ns "trace A [ADC]" "trace B [ADC]"
-500.0 -0.13227324000030513 -0.10878449343597185
-499.0 -0.18362888971385988 -0.16769952102879196
-498.0 -0.07797977138755251 0.004958231942937527
-497.0 -0.09168217171896705 0.10341754234344687
-496.0 -0.1819093761089478 0.1388569198846233
-495.0 -0.1639318717489996 0.023045517748384554
-494.0 -0.06726845274527303 -0.013165637756360397
-493.0 0.013779471804662732 0.22928808635935427
-492.0 -0.014945923942564802 0.22995420234118336
-491.0 0.043154926163861594 0.13641375851939636
-490.0 0.002829791762686909 0.2185913627570726
-489.0 -0.020468018261475856 0.2955400488550481
-488.0 0.07095346956745047 0.3261836670167741
-487.0 0.07120551462971027 0.25129337425973475
-486.0 0.004374051902817029 0.38469145313854647
-485.0 -0.12373507460140264 0.28066009463342473
-484.0 -0.12161910397199564 0.15075424510691057
-483.0 -0.012145676909822375 0.17811840543526913
-482.0 0.08763792921226246 0.14710725645546888
-481.0 0.06923844007557617 0.13466668878427004
-480.0 -0.08497050818847947 0.020213615901232516
-479.0 -0.13561763376148758 -0.03927744663162759
-478.0 -0.11803210513706877 0.10232475854884823
-477.0 0.07121645418356183 0.1128616188240178
-476.0 0.10258068721036094 0.045558486673328846
-475.0 0.040431822093286426 0.14031606061493493
-474.0 -0.02182241687291991 0.07377176890002424
-473.0 0.09255494167795542 -0.011978911599045553
-472.0 0.030702220455337187 -0.07188822519452097
-471.0 0.08273261490237328 0.06474155120920605
-470.0 0.03886914553946826 0.02090511873686319
-469.0 0.05258168204808737 0.013103034015343126
-468.0 0.07890358772825105 0.08370441133121474
-467.0 0.0377082533169725 -0.04502277082829992
-466.0 -0.014241758654509768 -0.03826259454109251
-465.0 -0.021009858528389488 -0.04258882805921621
-464.0 -0.1041495823199964 0.06181454887120036
-463.0 -0.08503113794494292 0.09286335988453914
-462.0 -0.19172913589743987 -0.04548142303602681
-461.0 -0.1721795749529309 -0.06114407711118129
-460.0 0.013973898248305886 0.0224824328732675
-459.0 0.045925875925553326 -0.09999232501309625
-458.0 0.09741432326469356 -0.06150778443567706
-457.0 0.048664773609048105 -0.1399751440132561
-456.0 0.11561910491566066 0.041492925013520095
-455.0 0.10485350397746789 0.047805240211851015
-454.0 0.18393500660826215 -0.01692273993467116
-453.0 0.1954640151195764 0.07647452114889741
-452.0 0.1800447689050881 0.07471604276815172
-451.0 0.21560749757479183 0.1757724448302294
-450.0 0.21195422545633755 0.06859623046581964
-449.0 0.2229859336984007 0.1548602004591956
-448.0 0.2546139262488416 0.2741615223642672
-447.0 0.18032178454134407 0.22511203165668378
-446.0 0.14497732775581076 0.2611794397638937
-445.0 0.0176400617275749 0.31000787433989446
-444.0 -0.056853041516860214 0.2402515238091466
-443.0 0.0752495065108595 0.16188818967893587
-442.0 0.14301006414456774 0.10465233633524013
-441.0 0.15648043226556152 0.16810490919860877
-440.0 0.018180803291698792 0.14630431876778585
-439.0 -0.05349065091460807 0.0019393531347157182
-438.0 -0.034212294774134386 0.1542725470632082
-437.0 -0.044617001777857025 0.16362229193963557
-436.0 -0.07884237387975902 0.11642966327990274
-435.0 -0.03095375027947466 0.017909207980980682
-434.0 -0.06669462483555418 -0.09518111655532274
-433.0 -0.03796646230910428 0.002381061050668199
-432.0 -0.04556351214481275 0.03547851746890214
-431.0 0.03943628936613227 -0.02501875601738594
-430.0 -0.014695693891412702 -0.12126869735931996
-429.0 -0.12598820672182948 -0.22029307209141577
-428.0 -0.1885719114012771 -0.0874101903004806
-427.0 -0.2264398237071686 -0.09236793700527648
-426.0 -0.20086620913779943 -0.045634153361915564
-425.0 -0.21633301738833416 -0.011810222340643122
-424.0 -0.23790740213761322 -0.2505478732976598
-423.0 -0.39635542143733354 -0.19052631093948758
-422.0 -0.6520772542952257 -0.24070472408329965
-421.0 -0.6219183575782914 -0.0653635469366449
-420.0 -0.34722035059737844 -0.1182195880195477
-419.0 -0.22121352691560023 -0.17199662271210694
-418.0 -0.2941243191251057 -0.08677629063141085
-417.0 -0.43712295183328537 -0.27975446310538093
-416.0 -0.32382574809329084 -0.1908008342046469
-415.0 -0.23795692719577802 0.03564422590793674
-414.0 -0.007257198812351503 -0.010359394092735764
-413.0 0.0739265666436359 0.09871189497218563
-412.0 0.10144297873297013 0.1037961147647524
-411.0 0.028056427631249065 0.09207187107076746
-410.0 -0.1398297880122891 0.1501247851491671
-409.0 0.07288798832444138 0.29206432646285946
-408.0 0.22531359794072475 0.452699109483737
-407.0 0.175523685692543 0.36942543168293185
-406.0 0.19761805522098558 0.27804592025774155
-405.0 0.1547671400197969 0.27965406802085907
-404.0 0.07324318389014348 0.3848976913704768
-403.0 0.13887035056112346 0.48860098053530665
-402.0 0.30010900059049744 0.38698800178706855
-401.0 0.38294215330998527 0.3625810828442274
-400.0 0.18597291822143142 0.3144427881218608
-399.0 0.02827896457184235 0.133050671223539
-398.0 0.11862231519816108 0.2281421960372829
-397.0 0.12224837402458777 0.3184034455277956
-396.0 0.24092971156145904 0.48317889900501443
-395.0 0.2939596520106088 0.381575021530286
-394.0 0.35717282843773823 -0.03338896702824872
-393.0 0.31418950615840274 0.10724841849060013
-392.0 0.3100907910188848 0.17691279122195536
-391.0 0.36187931271925455 0.31476000879678756
-390.0 0.4842889282771457 0.2597524371358622
-389.0 0.3663669932743721 0.2446709780120639
-388.0 0.3816547908611961 0.1389326476334533
-387.0 0.18658054235241853 -0.03940551739817039
-386.0 0.05848569227985699 -0.06363296809910697
-385.0 0.02314728477695735 0.004776740541436993
-384.0 0.03353757387917847 0.03215169983442735
-383.0 0.12198132081841585 -0.08348565590723914
-382.0 -0.005828366539236032 -0.2347707013928219
-381.0 -0.05928236719957657 -0.17017199289876767
-380.0 -0.10510900666425459 -0.18768499507133402
-379.0 -0.21735446803083044 -0.22378450042194475
-378.0 -0.14952527327050794 -0.07773087580999731
-377.0 -0.14640252967816075 -0.23939157489823426
-376.0 -0.14143586933765784 -0.2126146165129264
-375.0 -0.1979237149666924 -0.2328553077018414
-374.0 -0.15277939930186127 -0.252174608177459
-373.0 -0.04676420496001245 -0.01382956024211614
-372.0 0.0653526991701465 -0.008984682477166831
-371.0 0.10105677539326836 -0.00094586268470173
-370.0 -0.046283424958474824 -0.10998611066829199
-369.0 -0.11634930356364216 -0.18822631936005796
-368.0 -0.03600370671091823 0.05661857190707219
-367.0 -0.008737952979059025 0.19155247367171097
-366.0 0.04687826992946928 0.2700457810478054
-365.0 0.03373281455313099 0.157617844597803
-364.0 -0.12666066836682016 0.05010886493822308
-363.0 -0.2845757854313403 0.10941385837385297
-362.0 -0.2493065620685274 0.09793212386507061
-361.0 -0.19660279871328265 0.25674929742590147
-360.0 -0.13038010655309062 0.30569745961357236
-359.0 -0.1203879524429141 0.18250217386396814
-358.0 -0.12595946750504544 0.22200603412443867
-357.0 -0.13114242510878124 0.14550908347658684
-356.0 -0.0721293856726539 0.32751417296999724
-355.0 0.030606108502713142 0.381997906427353
-354.0 0.14879008247258735 0.289716590202291
-353.0 0.2126100870115345 0.21179026994229644
-352.0 -0.021460794513845898 -0.00504107911611228
-351.0 -0.07693247860143765 0.10879997993230922
-350.0 -0.08790708798700234 0.36017988035753934
-349.0 0.009546010354407013 0.3888557023549273
-348.0 0.15768031190225856 0.4165028304360162
-347.0 -0.0013455014708613966 0.13611088738650426
-346.0 -0.10724926912045797 -0.11160071155694327
-345.0 -0.1317045601239124 -0.09402752986566065
-344.0 -0.2657627721990389 -0.04531258604578328
-343.0 -0.02438612783796139 0.23925170784058844
-342.0 0.0689347531643825 0.06474144064189144
-341.0 -0.012315074165996488 -0.08652335188691512
-340.0 -0.15462049788330204 -0.09072921441054223
-339.0 -0.35237795336914035 -0.1033453438111059
-338.0 -0.12967898180892679 0.11294105715993778
-337.0 0.09550747553307568 0.18345091337247854
-336.0 0.2546315546747309 0.08122472587723152
-335.0 0.2390701559981344 -0.1038868240224665
-334.0 0.1254055419947965 -0.31776805226987326
-333.0 0.10361261922352837 -0.024818055013410303
-332.0 0.203536705430831 -0.007545356265962099
-331.0 0.3836732429333338 0.022828113006881725
-330.0 0.4900477620682168 -0.056624150465487216
-329.0 0.5253530264036285 -0.05664415190937008
-328.0 0.36348902280606094 -0.04198083757061997
-327.0 0.1995730739518253 -0.12388859990114016
-326.0 0.36242666703320736 -0.016625954488432224
-325.0 0.38923909546879715 0.19657512664764637
-324.0 0.2454753071744937 0.013431022161687576
-323.0 0.31527362543689796 -0.11984357347033814
-322.0 0.1487461636235892 -0.22060203243826404
-321.0 0.041133972338361274 -0.045372010881319966
-320.0 0.09646587250032007 0.004711432935920129
-319.0 0.24235118133828634 -0.08058496520507047
-318.0 0.2931353626549664 0.07286033604821981
-317.0 0.11318812393100368 0.026597750196081838
-316.0 0.08857622566096388 0.025892260179755766
-315.0 0.1541090429736314 0.0561061116135852
-314.0 0.1663019850420255 0.17003937652861914
-313.0 0.21694120885481946 0.2897413584855675
-312.0 0.2963626385064749 0.09682020550079157
-311.0 0.28555661046137804 0.03812532898418705
-310.0 0.09043026816867769 0.09623731634595879
-309.0 -0.11373991532340763 0.056809918046108035
-308.0 -0.08772848415869978 0.1215807610727321
-307.0 0.007909241697391356 0.2006271474374573
-306.0 0.062432305890567356 0.26719606617024977
-305.0 -0.0761204947525448 0.15025136730111535
-304.0 -0.21977132679897937 0.007182774323143327
-303.0 -0.44916277141580785 0.20255297968544164
-302.0 -0.42983017271362917 0.22993418148828207
-301.0 -0.3196409263785391 0.31441985478202655
-300.0 -0.2140189020922162 0.3402753406432048
-299.0 -0.10941855151647342 0.24960799823870725
-298.0 -0.003349832162772009 0.2606139472471607
-297.0 -0.08270371150325387 0.26021581375595393
-296.0 -0.006147676835434818 0.3231174392440879
-295.0 0.08275341494089934 0.38494983251743814
-294.0 0.19815322084178436 0.2859235210479762
-293.0 0.30278579055214194 0.4472643743150399
-292.0 0.4635827066119132 0.5607515476292169
-291.0 0.6870505902718299 0.7889791380093494
-290.0 0.612257746782353 0.8319618707279905
-289.0 0.684447119511479 0.6214979542079732
-288.0 0.7930355842010194 0.7047076070176541
-287.0 0.9390198722196922 0.6818054838675537
-286.0 1.0891755337665747 0.8766971308823214
-285.0 1.221208138426441 1.0641785263805241
-284.0 1.2050036482851956 1.318655775735702
-283.0 1.467779356141983 1.60133949262381
-282.0 1.6471326460540425 1.6371037760186704
-281.0 1.702235677841872 1.6366488972280595
-280.0 1.9010330446273975 1.7667149473895434
-279.0 2.0741706633391925 1.8112809496108684
-278.0 2.062952664611897 1.9500169007931365
-277.0 2.1249601485100835 2.090251046018512
-276.0 2.281071732867649 2.4364728508229363
-275.0 2.48582807662291 2.4747624285076046
-274.0 2.6532873077949852 2.63949543643939
-273.0 2.646803643207237 2.945423502830489
-272.0 2.5550436537305283 2.8521981771048557
-271.0 2.656117324554044 3.0304818898706283
-270.0 2.838699255791983 3.269206716347503
-269.0 3.0476427343130443 3.3859591873714003
-268.0 3.1041332053088335 3.8250214795632083
-267.0 3.050309458179179 3.7915380983438216
-266.0 3.1449092873086744 3.8820511422222896
-265.0 3.193496247566417 4.05727217243305
-264.0 3.228875575737102 4.0640105749108715
-263.0 3.4422360597739368 4.268213592737871
-262.0 3.413886402618835 4.43367590593038
-261.0 3.34298381753391 4.6031039713389355
-260.0 3.359015146397341 4.810758741476091
-259.0 3.5007012817647443 4.808375670585122
-258.0 3.753146563875001 5.016082740877209
-257.0 3.753266741663415 5.017130894191875
-256.0 3.789147749231669 5.13280089240719
-255.0 3.675652169975942 5.148494203772703
-254.0 3.7370478741504507 5.192235874978999
-253.0 3.8141726429875096 5.120114248777212
-252.0 3.9636431536057306 5.074846933449284
-251.0 4.106101690193048 5.330696899869387
-250.0 4.055952497877001 5.443000787585786
-249.0 4.077540270543838 5.382268299489218
-248.0 4.20624535711871 5.498667432874657
-247.0 4.101055104618955 5.355688589464087
-246.0 4.114762817534207 5.352349823912465
-245.0 4.487344088555864 5.4136194051185305
-244.0 4.685594445833896 5.1866330032190815
-243.0 4.599958635539671 5.181988331466047
-242.0 4.286296660055455 5.136644655663388
-241.0 4.003367570703988 5.156078976063122
-240.0 3.9432467452386875 5.142180672974486
-239.0 3.846243580252067 5.251458874062768
-238.0 3.7424162898325135 5.462365485476709
-237.0 3.5875902257710766 5.486528027108644
-236.0 3.721118806907879 5.460573805626664
-235.0 3.6332169741429636 5.330249513094648
-234.0 3.529229061937412 5.3220885703465575
-233.0 3.6687667676284135 5.317043249493783
-232.0 3.716587561549076 5.083746283460176
-231.0 3.633106850606269 5.110166944419074
-230.0 3.5132797258458406 5.208108950677226
-229.0 3.4592898413633755 4.753248666039044
-228.0 3.3651433077681308 4.6710665517436
-227.0 3.2091312667544325 4.919147172682347
-226.0 3.240337321124543 5.160483530733194
-225.0 3.285499777788961 5.04378640332706
-224.0 3.260049923494191 4.806751266251198
-223.0 3.324727330999506 4.822351586296456
-222.0 3.2736030629717767 4.522293972063637
-221.0 3.2040844794251133 4.278231173240709
-220.0 3.0409604877848713 4.277751463302864
-219.0 2.9843179112105007 4.185507687322428
-218.0 3.141870468200333 4.30255828158444
-217.0 3.093638701005873 4.15816751946914
-216.0 3.1043723764508013 4.258814299859214
-215.0 3.0297349916421763 4.347188224277417
-214.0 2.9637405455410626 4.307397611734687
-213.0 2.9097197560134886 4.381372943625652
-212.0 2.8550548545481984 4.31140192244515
-211.0 3.0209297813954916 4.247324447779451
-210.0 3.120141216829793 3.9210545421167216
-209.0 3.189456718753639 3.8107465195650083
-208.0 3.273003323619382 3.7759746824244287
-207.0 3.1781965037170585 3.494305385357349
-206.0 3.224934494380723 3.3436151461981556
-205.0 3.252886071762502 3.1797719681869956
-204.0 3.2442126375292064 3.2416627707689334
-203.0 3.4325934429364002 3.538507465009116
-202.0 3.306561593291951 3.563924776336815
-201.0 3.3023620894468957 3.5826345856659123
-200.0 3.3010648472717103 3.4666496286311186
-199.0 3.255160023073592 3.343092540997657
-198.0 3.210062715452524 3.5099990345368552
-197.0 3.1205956152114958 3.3806660748537145
-196.0 2.930995522390392 3.2643175721100004
-195.0 2.7608015674687003 3.180948742328171
-194.0 2.882658831737356 3.0384546371708203
-193.0 2.883460556020557 3.0724973930820783
-192.0 2.679961920782969 2.8938181606011057
-191.0 2.52751238898133 2.9085909287115004
-190.0 2.5049191806963598 3.103980284061591
-189.0 2.4961968891068476 3.2602429401217368
-188.0 2.3543425291334086 3.2542376805042434
-187.0 2.1864099008520306 3.0193996408006414
-186.0 2.1946227680218007 3.092937218243973
-185.0 2.1218098251091386 3.201288261969562
-184.0 2.1168531202583467 3.1456100938688043
-183.0 2.1614222469598916 3.158059619101515
-182.0 2.017938400806362 3.0682607768339607
-181.0 2.00029562205794 3.0900056992173996
-180.0 2.0498484115540005 3.076161971513141
-179.0 1.976121830662772 3.166934713928855
-178.0 2.005063745246691 3.304062433246813
-177.0 1.9547712042289804 3.086982523681553
-176.0 1.8831748657301433 2.862740572170361
-175.0 1.6297243860156987 2.750190130588994
-174.0 1.4313974214963467 2.8280872721655554
-173.0 1.5029076760726006 2.9581525407693743
-172.0 1.4610526990192372 2.7949195364318262
-171.0 1.465387451964455 2.8514114288900134
-170.0 1.3851696640879045 2.835836954257323
-169.0 1.5469136629053761 2.615886814475898
-168.0 1.7444454039080481 2.5232360104827607
-167.0 1.719442465444544 2.5084220250905203
-166.0 1.73580338631114 2.6219075186984018
-165.0 1.7459137202241355 2.609142007863952
-164.0 1.717543648965386 2.3963434672279194
-163.0 1.7350543464886674 2.42392936761269
-162.0 1.6478926869626456 2.529493740148242
-161.0 1.4812258123322224 2.6608881396476187
-160.0 1.4762826766723547 2.613161847552651
-159.0 1.5764220217996983 2.2585752915240005
-158.0 1.8005034148351415 2.1046605502316447
-157.0 1.8344052624976332 1.8703425863051861
-156.0 1.6975288564148308 1.8520342917624373
-155.0 1.6221222932766495 1.8702190375957752
-154.0 1.626809094476335 2.0619722537484075
-153.0 1.6546997933273968 2.4384301578390355
-152.0 1.644050604031282 2.3464072690324844
-151.0 1.7600352777919677 2.1113235655278086
-150.0 1.8349904352841504 1.9670441972697617
-149.0 2.011353673708808 2.040924609366334
-148.0 1.993476122270194 2.292767586596325
-147.0 2.0253684769248546 2.2099321237981275
-146.0 2.082263545543806 2.0229127852208144
-145.0 2.1056549622084084 1.9414376211808002
-144.0 2.1570089866084032 1.9204573996529946
-143.0 2.5264476458015506 2.4809996358058357
-142.0 3.198835205153022 3.315418569724576
-141.0 4.093695788814242 4.223157786672191
-140.0 4.671524777099549 4.572776924211226
-139.0 4.615546049198088 4.327462362827996
-138.0 4.389673791512123 4.2784962259383486
-137.0 4.024090421856561 4.025429202426719
-136.0 3.73796206713844 3.669283119261691
-135.0 3.559051069342643 3.359355991638574
-134.0 3.5106490468387666 3.3198870243511975
-133.0 3.321741672958205 3.2852994287683934
-132.0 3.183946675673248 3.357891557792375
-131.0 3.2130926386493535 3.6371315942995204
-130.0 3.277829570883677 3.7207389722992548
-129.0 3.23903344762681 3.6659549560450593
-128.0 3.2061615105266132 3.870268751126946
-127.0 3.1983567177776506 4.373081686961109
-126.0 3.3957820068389 4.965975458981205
-125.0 3.6659180976624146 5.130528778423686
-124.0 4.0652261173757624 4.992957267131953
-123.0 4.395780352651471 4.964664884196797
-122.0 4.311944599320165 4.919935612697913
-121.0 4.403319132685267 5.348132695706923
-120.0 4.6186852188058225 5.598246712153414
-119.0 4.674410992254809 5.8138794385649755
-118.0 4.673703563246836 5.998236634756643
-117.0 4.754478155316937 5.927491918360185
-116.0 4.73436668561286 6.099906427118343
-115.0 4.739910385354448 6.28790514481241
-114.0 4.850443564055621 6.331729212979605
-113.0 4.9315604847636445 6.360254223746225
-112.0 5.02283516767725 6.345470690650298
-111.0 5.263061714949436 6.460899005647507
-110.0 5.459493741382207 6.276406514717168
-109.0 5.621821247845487 6.201863285869986
-108.0 5.621337722655392 6.688597844247429
-107.0 5.467973703470182 7.146173260757144
-106.0 5.388508024007052 7.6781506154893275
-105.0 5.573609782339748 8.10774901847642
-104.0 6.024290057359403 8.547519468659672
-103.0 6.726128790271542 9.285505434664056
-102.0 7.550136596065994 9.791100944498526
-101.0 8.48938154244082 10.23159932079557
-100.0 9.198361751107353 10.795665314279312
-99.0 10.068162308302185 11.645953851440044
-98.0 10.996079080537497 12.993146380463687
-97.0 12.371838260834082 14.625527120443836
-96.0 14.512636093145533 17.364872299794385
-95.0 17.702784189904175 21.36451794076804
-94.0 22.36326544436241 26.202498340845175
-93.0 28.636125324007743 33.12624545223173
-92.0 36.994880637850684 41.52628636908197
-91.0 46.71837247262204 51.16823344492004
-90.0 56.838206988611454 62.42325436493433
-89.0 67.51930763859768 75.66244756013602
-88.0 78.78662491330182 90.42340558436707
-87.0 90.9531348339672 104.64685719684168
-86.0 103.80134042842087 117.12370310151913
-85.0 115.42876559010759 128.49707002570443
-84.0 124.22433831753527 138.25460491699863
-83.0 131.24439150248102 146.37835412471014
-82.0 136.40796680039227 151.82064508849842
-81.0 140.49703628196184 156.3738050022964
-80.0 144.58976379461092 161.16957258653525
-79.0 150.30506429678695 167.08519508922177
-78.0 158.22213511615604 175.90913168815445
-77.0 169.97029447594576 189.08498856755426
-76.0 186.08512415936184 208.74302557128266
-75.0 208.00550054223964 236.09658291910088
-74.0 235.82507404262861 270.374680235313
-73.0 270.74624576429017 310.72537506884487
-72.0 311.9456616728386 356.8781076218415
-71.0 358.46264476037663 408.52438650562976
-70.0 408.88301982375543 462.68681447424797
-69.0 460.1570937308371 519.2775170649891
-68.0 509.4253909444289 577.9980211661566
-67.0 555.1547818574842 633.2948055009997
-66.0 594.803387060034 678.7161501089074
-65.0 627.0912632034377 714.5706596289589
-64.0 649.6974503506201 741.7378786516617
-63.0 664.8739332011606 761.833842841184
-62.0 673.6300109087314 773.1082027074793
-61.0 677.9088704891561 776.7366573961933
-60.0 680.0010114785538 775.175338975053
-59.0 680.8786585057062 773.9285764614559
-58.0 681.0183318707483 774.2819249748918
-57.0 680.4153888534047 772.6755446012527
-56.0 678.9435082140337 770.7059133224406
-55.0 679.0930718042619 773.1704687227899
-54.0 684.8181959898552 781.2887983438035
-53.0 694.8554096188028 792.6553344971851
-52.0 710.8481030962527 809.3817831598362
-51.0 729.973689698866 832.0756232284298
-50.0 754.7044332594494 860.5548198948771
-49.0 783.2542898684661 892.0619597051087
-48.0 817.7620680256606 929.7634803436376
-47.0 858.1150993218287 974.7573567195303
-46.0 903.1383320686742 1025.9997047260788
-45.0 952.0368732274655 1083.048585475209
-44.0 1005.4982983622967 1147.2904861432937
-43.0 1064.8123097794091 1218.7162325262038
-42.0 1128.7044814232675 1294.1854864566187
-41.0 1193.9712363885376 1373.7025618631737
-40.0 1261.2497122144268 1457.9388916282014
-39.0 1334.5050257261669 1544.1968161782902
-38.0 1411.4141924706776 1629.1444135962531
-37.0 1489.045158172646 1719.2365274157332
-36.0 1563.647260850675 1809.6947130945011
-35.0 1636.7345995859118 1894.3236064047617
-34.0 1705.6127484611948 1973.0279566746185
-33.0 1768.283949982104 2047.8505385538904
-32.0 1823.8965410134365 2114.5535611154064
-31.0 1872.4763053834681 2171.8846214024693
-30.0 1915.4787589491896 2218.395606237104
-29.0 1949.009151141754 2256.415939507184
-28.0 1976.6384960002802 2290.860306431412
-27.0 1999.5937479746435 2317.7093486999065
-26.0 2017.0148024104456 2334.665732232971
-25.0 2027.8632772522767 2346.82386135628
-24.0 2035.7577044822706 2356.8468515176796
-23.0 2043.6318671237511 2365.9469720406
-22.0 2051.1877886700354 2370.9592108703364
-21.0 2054.605824652733 2373.5041434542054
-20.0 2054.0260517208185 2374.4199953387306
-19.0 2049.038560815051 2372.8585704358984
-18.0 2043.927270843463 2365.603277788327
-17.0 2040.1192358195897 2355.519647456472
-16.0 2035.8955595332234 2346.1976630587214
-15.0 2030.9459331399096 2335.644084310456
-14.0 2025.0623928345994 2325.2922768290487
-13.0 2019.6315762806867 2319.8781357574876
-12.0 2017.9191776170146 2319.580126063278
-11.0 2020.5022889564586 2323.4843053745517
-10.0 2024.4608723252948 2330.3787539085847
-9.0 2029.0687862478712 2338.4903696935103
-8.0 2038.0103917095394 2348.2158934846193
-7.0 2049.222110917334 2360.747782628721
-6.0 2061.4172644462465 2373.742195361498
-5.0 2074.2233808043156 2387.7184547595175
-4.0 2089.2687060469534 2400.7042154562278
-3.0 2102.32423486862 2411.0964577950613
-2.0 2114.861832039412 2422.5923603325436
-1.0 2127.270886527669 2436.5546679342096
0.0 2137.05030440726 2453.952774541871
1.0 2142.599102265883 2466.4054461068295
2.0 2143.808974246679 2468.772161779404
3.0 2141.123235435423 2461.568076066531
4.0 2133.119960415511 2448.2975797159816
5.0 2119.363886522018 2427.6148622279843
6.0 2099.2936293156163 2398.773560711972
7.0 2070.5195785942865 2367.142096083451
8.0 2036.5999244197578 2330.714502650104
9.0 1997.4088646509083 2285.949807666625
10.0 1952.3186311019047 2234.629466976457
11.0 1900.8468707874047 2177.0154360060287
12.0 1843.364952460748 2112.2039525709456
13.0 1783.0904191721065 2041.8226937697993
14.0 1720.435297477503 1969.0212028578082
15.0 1656.9339083430052 1894.6675821769147
16.0 1595.7417660329843 1818.36575925836
17.0 1534.442369018639 1742.5297932511746
18.0 1473.0043352209918 1668.0605201029707
19.0 1412.96105714358 1597.21083322382
20.0 1358.1825941769862 1530.6187934977504
21.0 1306.8430339192541 1471.3428627210506
22.0 1258.971643776268 1419.3069333825906
23.0 1215.6057958272213 1371.931896710278
24.0 1176.7368182846428 1328.8949736968273
25.0 1142.5760188129677 1290.0520257016742
26.0 1114.3368351159666 1256.4866444444754
27.0 1091.4504266561887 1228.7936970440574
28.0 1071.962377949517 1206.0951267295063
29.0 1054.7019203944471 1184.7969803842325
30.0 1040.7854852448 1167.5695454118616
31.0 1031.8471040545737 1154.4209949136127
32.0 1025.8097940611597 1147.5406382607596
33.0 1020.7517933143581 1143.0044281431585
34.0 1016.8558434799634 1139.3285321863773
35.0 1017.0342869430102 1137.4125382111044
36.0 1019.8639347564034 1138.511458562171
37.0 1024.6269215331372 1143.9412046020489
38.0 1033.4007941423213 1154.0760374436131
39.0 1044.2747836492515 1169.461053656492
40.0 1059.9165357817394 1185.3295551656333
41.0 1080.5299142386923 1202.9116322192683
42.0 1104.9583767933987 1224.2556064745725
43.0 1131.5929897667907 1250.3488160231166
44.0 1158.6476654170317 1280.5259994561168
45.0 1185.1623488241946 1310.7473920350958
46.0 1208.887365347691 1338.2426622021435
47.0 1228.6753288311422 1362.2820326447293
48.0 1242.3586307043563 1378.7948658306384
49.0 1248.1044817923985 1384.7695615744344
50.0 1245.95227431857 1379.0114371447062
51.0 1231.8295745587081 1358.5954896346016
52.0 1203.5636273973505 1324.5601235940915
53.0 1161.1317551581735 1278.0559479326664
54.0 1106.8086821543739 1216.2152197620283
55.0 1044.3871717128159 1142.4699994619448
56.0 977.3651127713179 1063.9058059089575
57.0 906.0194099414152 985.0952113349745
58.0 834.7017185920226 906.2487386142069
59.0 767.0186903538217 830.9529860884065
60.0 706.2665409938629 762.8611638628041
61.0 653.2740056148336 704.483101874409
62.0 608.2722653671443 654.1900797078907
63.0 569.6761549635336 611.6132377480851
64.0 536.9950037955153 576.4405805613789
65.0 509.4047245307477 546.8634987475323
66.0 486.99324644931784 520.8477004513969
67.0 467.088229287443 498.4317658486238
68.0 449.0848621503177 478.3225657679026
69.0 432.7763951202922 460.4612985005014
70.0 417.25588879693584 443.7308311368079
71.0 401.525801287564 426.9918767682188
72.0 385.1996604806663 409.73555285382696
73.0 369.00877754395674 390.68988556266834
74.0 352.07486775971716 372.15188364602864
75.0 334.46356027412116 353.97120730280886
76.0 317.679723036954 336.2231902287649
77.0 302.87968547619005 320.51317921087923
78.0 289.03508491272135 306.44480637080386
79.0 275.925591707863 293.5755213387453
80.0 263.70209266912764 282.57563912404356
81.0 253.15606666744935 271.7385113282601
82.0 244.1402475790951 261.9717065524634
83.0 235.97566452522997 253.0599438411645
84.0 228.05629567925692 244.79094570510892
85.0 220.06587574804632 236.9484931027859
86.0 213.15506914211394 229.3546316283002
87.0 206.56535058017332 222.830246099773
88.0 200.18791273091244 217.04637702341196
89.0 193.64313855037534 210.83106229019265
90.0 187.28626566152036 204.45294408238803
91.0 180.63264165795437 198.1188678757985
92.0 174.56258062111655 191.47003339582187
93.0 168.820039653031 185.26355632486508
94.0 163.48271189890636 179.85153824395053
95.0 158.40306183742857 174.76151541505226
96.0 153.49813147321115 169.18656687501795
97.0 148.65349375577063 163.93095598380495
98.0 144.01621242186593 158.90165745802986
99.0 139.70502168613575 154.38663288550256
100.0 135.89950728893942 149.49330046092908
101.0 132.33110265571005 144.89788838561344
102.0 129.04052652820712 141.705441046716
103.0 125.5221274122321 138.36201388495022
104.0 122.27910659447592 134.9433710334757
105.0 119.4766750617311 131.84192903551133
106.0 117.35138127040369 128.6234602983506
107.0 115.01623782456831 125.12649864003778
108.0 112.7993726106441 121.97852770205452
109.0 110.49644352894406 119.03381743517672
110.0 107.88016190430265 115.719924595313
111.0 105.23301326540279 112.4478176911623
112.0 103.07635991716037 109.77418592123702
113.0 101.23118027195598 107.34576176015814
114.0 99.59290585557991 105.51923578032502
115.0 98.05149109170632 103.55930235987971
116.0 96.45861794172937 101.9006117859717
117.0 94.83069837975106 101.03387215259232
118.0 93.27898658504765 99.00714211349663
119.0 91.48621540658505 96.90717578649266
120.0 89.9492377575686 94.90590002756034
121.0 88.65367122904289 93.41489031994885
122.0 87.50003611654108 92.06347329074524
123.0 86.26639506612955 90.84160450566398
124.0 84.60295491754815 89.87218530014344
125.0 83.23172246969654 88.09681274863743
126.0 82.00709542774908 86.03521694388596
127.0 80.27567795523575 84.1549900703855
128.0 78.61811085926242 82.40448932333854
129.0 77.38009535816732 81.29177234586795
130.0 75.30208613243678 79.73323685861196
131.0 73.10124844437868 77.40666431586068
132.0 70.82968262778162 75.38427744689974
133.0 69.11968852683397 73.2180360265686
134.0 67.73615832192365 71.28864047460311
135.0 66.21072637246614 69.05729702314738
136.0 64.23165541538745 66.94176867825232
137.0 62.081655309090394 65.90660126593
138.0 60.455767103606206 65.54822348327407
139.0 58.98934279657118 64.93153282675276
140.0 57.61010745072122 63.80157441315343
141.0 56.49781579891836 62.29173822354405
142.0 55.265365152772645 60.355355829212506
143.0 54.14359188791471 58.75852055658014
144.0 53.28683581298758 57.79968047817081
145.0 52.38795060467025 56.989324191040154
146.0 51.41017414839399 55.41953844934407
147.0 50.89392141442314 54.29093285194538
148.0 50.69806769926375 53.178213218411926
149.0 50.73341201822398 52.5094029138175
150.0 50.638743755259576 52.08709762667968
151.0 50.70938822730972 52.51636221057169
152.0 51.15935486201969 52.91201473200249
153.0 51.170316625692834 52.86194980094531
154.0 51.453233463280974 52.82812966391264
155.0 51.774980636055076 53.73802140361349
156.0 51.97853318589355 53.978751479414214
157.0 51.66065220993405 53.589199721386784
158.0 51.01218339180183 52.614204844326665
159.0 51.18078485743522 52.17566177807247
160.0 51.57551931696632 52.13065387667077
161.0 51.59312370659611 51.972578363312934
162.0 51.560932422578546 51.94310264999832
163.0 51.49028645484858 51.55575078875666
164.0 51.25781243799651 51.13639754267185
165.0 51.00692900696987 50.74854749016906
166.0 50.97368703195586 50.77158581952271
167.0 50.600562359861634 50.690664346811566
168.0 50.14605742097784 50.04689859611143
169.0 50.111416536081585 49.57617622398214
170.0 50.186408092083724 49.15288856558035
171.0 49.721819219291675 49.16545996127906
172.0 48.662736312979675 49.42782482684309
173.0 47.576751940512125 48.89270777429183
174.0 46.89874513078054 48.17264060404843
175.0 46.08192163537554 47.57649822805097
176.0 45.55338358478891 46.706565705109156
177.0 45.257695641391344 45.6148394198434
178.0 44.47973407078811 44.41728043988347
179.0 43.09715541279427 43.32823620760892
180.0 41.83851317698831 42.144270984924994
181.0 40.838664108377024 40.89540377858885
182.0 40.53738774239781 39.96590179558014
183.0 40.345756937985726 39.280651032184096
184.0 40.07876695978603 38.137282397709114
185.0 39.41297564159599 37.35096889464106
186.0 38.68021962253886 37.679324727606584
187.0 37.89322992003049 38.77188825123885
188.0 37.75415462443886 39.44594653270422
189.0 38.48433949937729 40.671454962403295
190.0 39.341202314258965 41.35530395486075
191.0 39.712940524911 41.69602689666371
192.0 40.01265783291156 41.63610057682577
193.0 40.666946660106014 41.92334301761814
194.0 41.48178737303449 42.27279333004926
195.0 42.2385576306941 42.32009733909392
196.0 42.68799255063265 42.846741522301485
197.0 43.04739231592965 43.12170624979254
198.0 43.29441728724007 42.80890898886301
199.0 43.30508184516572 42.75743660735963
200.0 42.98747267327956 43.225638099008414
201.0 42.50877521039351 43.304735855670565
202.0 42.27206048923568 43.40593299542047
203.0 42.461013813360935 43.11768726497343
204.0 42.95666089995758 43.24325736146382
205.0 43.29583497540093 43.41810968873485
206.0 43.32017557161164 44.0768829260258
207.0 43.399243574061686 44.677993209571575
208.0 43.60511883922831 44.68468537675836
209.0 43.365924106958836 44.51947165728371
210.0 43.31443435788265 44.67375104284863
211.0 43.289869242227354 44.97447953009927
212.0 43.44662689538374 45.69377018712486
213.0 43.48850561449211 46.30742849244413
214.0 43.27531534646063 46.429739769798324
215.0 43.192125701249815 46.511319078093806
216.0 43.83230043497556 46.75500739549556
217.0 44.78046018327034 46.8506230479846
218.0 44.98876162659672 46.51002717284814
219.0 45.05733441666845 46.313824674562426
220.0 45.3008653881258 46.66364380904449
221.0 45.46755811293912 46.462110027007014
222.0 45.225725699983066 46.65734044695853
223.0 45.06296309911262 47.04934243777389
224.0 45.07978646346102 47.1589635284986
225.0 45.1974475796836 46.76327235591484
226.0 45.71466248849999 46.39386100556798
227.0 46.27020258817792 46.443970241654135
228.0 47.0536790065118 46.28780064442093
229.0 47.655958081216916 46.01575712689194
230.0 47.59171334980366 46.0104238613607
231.0 47.40309456899796 46.14028929435289
232.0 47.50940110488075 45.80856343042491
233.0 47.64175884888303 45.7283166112609
234.0 47.5644069315738 46.280163841876
235.0 47.22855497252897 46.512702253444004
236.0 46.69254906515576 46.32086653234565
237.0 45.93623252247964 46.26658366954722
238.0 45.209415132086114 45.89268487471764
239.0 44.556353519647274 45.607135995164455
240.0 44.093682597255984 45.62440999591218
241.0 43.963923339489924 45.83237944651388
242.0 43.86530851179132 45.74770004984575
243.0 43.87036077262272 44.98417495843382
244.0 44.00823778904104 44.06676760319156
245.0 44.0748534634677 43.68571210015095
246.0 43.8923899870132 43.09799446430345
247.0 44.04221084453353 43.31676087321416
248.0 43.57811797542619 43.56890307885384
249.0 42.923439274356156 43.555357803664286
250.0 42.731169351845985 43.00627153566557
251.0 42.66577952945206 42.50196329547033
252.0 42.65863931455384 42.52005433053795
253.0 42.64977945736206 42.7517692675152
254.0 42.560378000842846 42.653573822621844
255.0 42.34599756925576 42.20141583430978
256.0 42.41991655379697 41.547333600763004
257.0 42.44502549029676 41.170241991599084
258.0 41.98515338296459 41.14831930162423
259.0 41.2562385528546 41.19889281127123
260.0 40.77494812348135 40.844044413969314
261.0 40.11739605819184 40.846169827397595
262.0 39.38920706006378 40.52080691279017
263.0 39.19833073738729 39.37814303939883
264.0 38.94154535388192 37.945284283762454
265.0 38.61702174592132 37.26211786741918
266.0 38.30734878489859 37.19864341005961
267.0 37.38010412095119 37.20265036495784
268.0 36.62254946769653 36.56499153259175
269.0 36.00368779105936 35.89031409006622
270.0 35.79561374821608 35.6960630117594
271.0 35.69655394336316 35.50992137189018
272.0 35.20821147049484 34.822918489158226
273.0 34.50240480889987 33.37002976628314
274.0 34.36237965491421 32.417054435098734
275.0 33.886150281930156 32.14641113169202
276.0 33.03808880208938 32.27014057761618
277.0 32.274173104127094 32.58760092516453
278.0 31.600790148626988 32.49436140916002
279.0 30.760157438644885 31.736376099531757
280.0 30.37047643639367 30.67017799696157
281.0 30.247994212984793 30.292657527802884
282.0 30.007356738289047 30.392046526778802
283.0 29.53632588641115 29.977596470146523
284.0 29.181103659987087 29.300053402530448
285.0 28.705118558835572 28.607429729347484
286.0 28.465622700882093 27.435664262134708
287.0 28.199867635716416 26.45705996332472
288.0 27.84849240710378 26.130601082928735
289.0 27.6729138129287 26.044075045208942
290.0 27.187133082071576 25.807573392223514
291.0 26.57411531629736 25.41330707556248
292.0 26.050637374818447 25.07968878322974
293.0 25.90018191777284 24.761584246663052
294.0 25.932354745104575 24.863963669370907
295.0 25.85117106828319 25.062107958673046
296.0 25.493712056527155 24.80592279729872
297.0 24.846383963830085 24.393365099680395
298.0 24.212447981796863 24.05498839368757
299.0 24.028146282307883 23.994710746287385
300.0 23.90054548070742 23.824356670219775
301.0 23.386304918645756 23.58377202474512
302.0 22.74888874959268 23.22115635215409
303.0 22.576356195909373 22.615052151726267
304.0 22.69063905691343 22.095345505765003
305.0 22.73104279797522 22.06702228600953
306.0 22.840414189986618 22.184233524250104
307.0 22.914031183731975 22.216645919606332
308.0 22.58419062242307 21.96015597436178
309.0 21.94745866086031 22.195770019323735
310.0 21.574717027066274 22.234009293044448
311.0 21.50010572351989 22.227389259178658
312.0 21.499198571157745 22.31331642843449
313.0 21.331936265389373 22.24965610658459
314.0 21.4192990846794 22.326662575112795
315.0 21.441024220253638 22.452691074941946
316.0 21.59028884462678 22.3093924816026
317.0 21.57198146281726 22.181233581640463
318.0 21.198128300193112 21.808900174223126
319.0 20.936580810276865 21.81543416810103
320.0 20.598803145434715 21.964211792123354
321.0 19.994602779504042 21.56944324811815
322.0 19.57708696760011 21.468256904025335
323.0 19.674798159091328 21.54018245430342
324.0 19.946721425791278 21.358214737162665
325.0 20.108884876042 20.674623359010667
326.0 20.172447494954678 19.75882504854036
327.0 19.825435765797444 19.503895463097688
328.0 19.663656642602938 19.52637288015554
329.0 20.02982944225798 19.428583202790445
330.0 20.107063503392048 19.41181171023971
331.0 20.201881514102084 19.48527672642406
332.0 20.307636157056535 19.729348061034017
333.0 20.057454727988688 19.499778560372558
334.0 19.81380828091778 19.319385526529512
335.0 19.66836427684386 19.096531995880632
336.0 19.504401299646485 18.872269810968096
337.0 19.46542133469428 18.83759304498748
338.0 19.356885376059676 18.95206550029877
339.0 19.41633677573845 19.06635367649473
340.0 19.354300202256198 18.88706135761177
341.0 19.23358888024862 18.45513006381942
342.0 19.208928919986704 18.454766555420786
343.0 18.810143955417647 18.498362509072475
344.0 18.42503749154502 18.599631453617587
345.0 18.152306922741474 18.571742203061707
346.0 18.346462162939726 18.555483677982224
347.0 18.344241961816333 18.692821982215392
348.0 18.406317608863386 18.342037428121984
349.0 18.346100432450427 18.094881552385104
350.0 17.99099838734218 18.028812269281985
351.0 17.820272516850316 17.932213480017946
352.0 18.045605724366272 17.953061541089703
353.0 17.936638099300087 17.62458411471607
354.0 17.860113659113377 17.594537616269157
355.0 17.848527322670858 17.53755295440742
356.0 18.061014457953927 17.58320656921627
357.0 18.399970871799837 17.81552991603997
358.0 18.414554418123828 18.211692451140802
359.0 18.10833425369583 18.61448158244215
360.0 17.719613149107122 18.933735875345246
361.0 17.290755176551333 18.798334301479024
362.0 16.753337671482335 18.796692443336475
363.0 16.538993083845373 18.5058677484029
364.0 16.81759043015023 18.169281381838317
365.0 17.057253705447117 18.072126594200217
366.0 17.05451216269967 17.678382396495564
367.0 17.01691900804963 17.197859226509173
368.0 16.63131642546735 17.163452266211667
369.0 16.480689801598718 17.550915379545202
370.0 16.147970637796426 17.7406031337501
371.0 15.949270055759618 17.5331797029742
372.0 15.704722473964555 17.50775074165048
373.0 15.676664361826194 17.242178023745925
374.0 16.06204548021768 16.67983069601462
375.0 16.44247423354729 16.05829768105144
376.0 16.524692994020125 15.595665978930723
377.0 16.465779428448954 15.207017374359474
378.0 16.234070605941827 14.796597079137772
379.0 16.231519430878265 14.658896282573005
380.0 15.985371782951066 14.77385263055885
381.0 15.585347193352325 15.354226834204212
382.0 15.317288397970009 16.17179161815829
383.0 15.046019720665647 16.24315492644091
384.0 15.030481766764437 15.886717860878125
385.0 14.783167147235957 15.424990009869845
386.0 14.808818081826868 14.870206663302977
387.0 14.64119019218303 14.678558941001054
388.0 14.31076537151957 14.54601576898307
389.0 13.955424238370757 14.453564868624
390.0 13.654412723023112 14.255563410231542
391.0 13.837808718873227 13.896726212520297
392.0 14.116298750316142 14.051978260469044
393.0 14.00519223843177 13.945919470232385
394.0 13.560316993759578 14.037291929673003
395.0 13.18175215367989 13.878123709551398
396.0 13.22812195184488 13.587297561718664
397.0 13.567406904684237 13.313245839109154
398.0 13.949229044864447 13.324505018643903
399.0 14.191851250637672 13.709923443356004
400.0 14.195795118405147 13.898913458002575
401.0 14.069245317382665 13.753806190296366
402.0 13.712201460089688 13.648202225847793
403.0 13.352421553045188 13.65349419169464
404.0 13.117224116553743 14.008679398475095
405.0 13.011534069063398 14.299786659533435
406.0 13.118974894150721 14.246897015198384
407.0 12.96736356605512 14.072628307084283
408.0 12.759249227783318 13.594927132171996
409.0 13.04060848758497 13.505587137751736
410.0 13.400411232258039 13.754153941977117
411.0 13.665023204592645 14.086173640809479
412.0 13.706972534193667 14.37549515348452
413.0 13.604577502622796 14.364452044062107
414.0 13.421802048845418 14.33133506353463
415.0 13.358585102288858 14.372263827594335
416.0 13.275155211509494 14.405561228802664
417.0 13.324603449338369 14.691744063615943
418.0 13.147392290474938 14.734192638818278
419.0 12.973339917019574 15.05107978919965
420.0 12.932625301371727 15.022278995466058
421.0 12.900518046284954 14.65876837159098
422.0 12.839316092929316 14.160352409922124
423.0 12.608092688901802 14.084101301953119
424.0 12.392442153697738 13.615317400241455
425.0 12.298448194885504 13.021782684702996
426.0 12.34331914504718 12.433117997252884
427.0 12.33928521409071 12.357004445365718
428.0 11.912804850675307 12.07804836594099
429.0 11.404670334344152 11.926025903775713
430.0 11.130085452155146 11.98305407390853
431.0 10.985229118593345 12.270113087135032
432.0 11.147500349286231 12.54966812760767
433.0 11.401738820122416 12.491651355586937
434.0 11.839179235386732 12.135765762264878
435.0 12.122883147934267 12.164822188904617
436.0 12.349704526869726 12.323245823640955
437.0 12.377186001438151 12.417898754581527
438.0 12.372249271996646 12.144861907146788
439.0 12.087686259681494 12.101769979884908
440.0 11.994870411809558 11.990821005533554
441.0 12.010181886595221 11.828893592080274
442.0 11.918186329048972 12.061877433031286
443.0 11.651337505303967 12.284968512393885
444.0 11.50367248858605 12.098649530695663
445.0 11.411227385441473 11.555028267076116
446.0 11.556230471310855 11.28343771393859
447.0 11.49449016050115 11.556339184217842
448.0 11.701135184917206 11.744580268884262
449.0 11.589772437844655 11.799079540559344
450.0 11.097386369513485 11.825804933315947
451.0 10.82949946469175 11.937509075669395
452.0 10.635136183350614 11.976122774974549
453.0 10.502363599397034 11.936423082406208
454.0 10.488101925386916 12.147722184112588
455.0 10.694422491291562 12.289246047731623
456.0 10.773585297972435 12.332425397776994
457.0 10.98054356455397 12.57255792539823
458.0 11.420575483866555 12.619264291597835
459.0 11.645362360085027 12.766492148494804
460.0 11.812482747523687 13.005587590763888
461.0 11.917160440256842 13.145271911451422
462.0 11.87322940084649 13.283585999712827
463.0 11.270531796146143 13.233279326942215
464.0 10.763984770703274 13.188920333991899
465.0 10.386748864066899 13.332826129670332
466.0 10.018110222598825 13.339798658963325
467.0 9.945568827339157 13.644410804478005
468.0 9.953607324345812 13.656297172782429
469.0 10.034047802394317 13.376965010169195
470.0 10.073283722412155 12.820665104542586
471.0 10.178480332893674 12.26020048714837
472.0 10.329940310983126 12.256510156473
473.0 10.320914856821975 12.386478964964512
474.0 10.534366924888438 12.640489961800231
475.0 10.76193118733353 12.60011637614058
476.0 10.90469646067665 12.181015585099924
477.0 11.071523618781246 12.007524947899928
478.0 11.012838810322817 11.744133616085698
479.0 11.067336011198455 11.724436012041993
480.0 11.112184435371653 11.720663193947134
481.0 11.077323483163294 11.34676893076754
482.0 11.195441868237666 10.871213330115442
483.0 11.13515781779929 10.30644099471809
484.0 11.059616969026951 10.232590854339897
485.0 11.19445662180607 10.468656115294161
486.0 11.348808785195844 10.64975739541798
487.0 11.225331621711511 10.684121689963149
488.0 10.991166467376587 10.604192592004766
489.0 10.71823147346766 10.484632292598116
490.0 10.3230144970348 10.312098468536592
491.0 10.181123814733587 10.310100653935125
492.0 10.336342432935972 10.417305298954728
493.0 10.477202072337452 10.263579276425018
494.0 10.604297060222068 9.883996910190096
495.0 10.509888343456257 9.584932423818557
496.0 10.437555906463496 9.492930438854813
497.0 10.422606067404999 9.72901166223273
498.0 10.41815943901294 9.955625484342995
499.0 10.328966168533787 10.377370828840089
500.0 10.108172646575776 10.419762220008433
