ns "trace A [ADC]" "trace B [ADC]"
-500.0 -0.08858000534375879 0.12002812124399634
-499.0 -0.0262495291789526 -0.07387745032059331
-498.0 -0.1615033990571217 -0.011810026603864428
-497.0 -0.20042723474035729 0.11328946087434001
-496.0 -0.20841851798997946 0.20970428809269476
-495.0 -0.08131276309395889 0.31473383089219853
-494.0 -0.05250724873786651 0.321483788666743
-493.0 -0.059769632331660084 0.044165868783506354
-492.0 -0.08514591957165955 0.061739405542248264
-491.0 -0.0991918252950299 0.1486988658396672
-490.0 -0.07429988753451017 0.244114717080412
-489.0 0.05618208555576871 0.24763753347540318
-488.0 0.12303237630719682 0.09782148579868089
-487.0 -0.02779391017598083 0.02140473608454628
-486.0 -0.16858954480938243 0.05371890625013317
-485.0 -0.08038683152989233 0.03315057764287622
-484.0 0.10299128957046215 0.03338552053138546
-483.0 0.009869550485990693 0.06373344050305015
-482.0 0.18416844551162811 -0.06977607602413921
-481.0 0.17485379529923645 -0.26541457234801225
-480.0 0.01282265301163443 -0.2860178292407859
-479.0 -0.11156903743109425 -0.05584386263387574
-478.0 -0.03343100082355629 -0.08304089270644188
-477.0 0.14642369991602622 -0.18819064668316002
-476.0 0.16910600409489157 -0.09604650818060331
-475.0 0.07116374422637183 -0.21118258687436764
-474.0 -0.0003219440007812722 -0.37544676333472304
-473.0 -0.021425130382459294 -0.222027838948506
-472.0 -0.04991414538887313 -0.1646009073858177
-471.0 -0.16872968762905202 -0.20147260957040433
-470.0 -0.0694532263142928 -0.22723811555289147
-469.0 -0.13217688717557458 -0.3259411062677362
-468.0 -0.21265876155085825 -0.28109237934963593
-467.0 -0.15381157796701853 -0.10318842571279686
-466.0 -0.07523629674412642 -0.01252383822157568
-465.0 -0.17303111498109047 -0.13410025599240044
-464.0 -0.1759430338653036 -0.12520392607521214
-463.0 -0.2552561132582544 -0.29315685194545954
-462.0 -0.15195838620360563 -0.24344678171119588
-461.0 -0.09409059372716565 -0.12752513890933206
-460.0 -0.1269989612905365 0.05939765874553404
-459.0 -0.09944678028609476 0.1347694364243038
-458.0 -0.11718821588559057 -0.17707694835500143
-457.0 -0.10568652106882061 -0.08077104156675352
-456.0 -0.18225114341542906 0.044141643558224246
-455.0 -0.09743941791060479 0.1713651638476672
-454.0 0.033553931282559825 0.14068303309546015
-453.0 0.19861121662422682 0.26175860748089896
-452.0 0.10454668935684618 0.319457375250585
-451.0 0.05006061300546884 0.20987278507279422
-450.0 0.06714579875916843 0.14061792752150495
-449.0 0.061693626715592295 0.3326963722032875
-448.0 0.06041197437001408 0.20259518319914024
-447.0 0.08830954927245635 0.25325217739221684
-446.0 0.06991553017663557 0.22797076468452881
-445.0 -0.03740528334536339 0.2476965156923775
-444.0 -0.049388350217387654 0.21502006642771568
-443.0 -0.024063866723805883 0.13121176951258967
-442.0 -0.07684252468704929 0.1944417210216895
-441.0 -0.11537519288830791 0.2727340252558204
-440.0 -0.029629836556257033 0.14863060455665392
-439.0 0.04477829700142629 0.06557180488368884
-438.0 0.04673217114834127 0.021631513541136422
-437.0 0.016634782963042535 0.06429107495020428
-436.0 0.0158805887606695 0.07046333214845209
-435.0 0.06189292148848199 -0.03464340993318774
-434.0 0.01855959519617047 0.06024632018176775
-433.0 0.026021837780991548 -0.0982306711652405
-432.0 0.05955923911455335 -0.1539005192391255
-431.0 0.07675242543621007 -0.07463668012543645
-430.0 0.003050054373697094 0.0763522886752412
-429.0 -0.035778902642818675 0.05283662942633085
-428.0 -0.04733986068078646 0.007534486269703373
-427.0 -0.024742598783608797 0.020864603091272797
-426.0 -0.062075297833356066 0.016061747784152824
-425.0 0.03668364467205265 -0.0340714097723162
-424.0 -0.022990003586001482 -0.12111189582473306
-423.0 -0.057546936364972226 -0.051283420058267366
-422.0 0.008186388871708377 0.017775042824950522
-421.0 -0.05742833432834581 -0.06908754729464718
-420.0 -0.06299978894488868 0.029192678508270092
-419.0 0.028463310751650858 0.06649532695935044
-418.0 0.22025029591347572 -0.00862033421926616
-417.0 0.1837944522095671 -0.03620401311499013
-416.0 0.2901662212508616 0.03119332468273633
-415.0 0.22021160326605332 0.14134365816738273
-414.0 0.2622590006453334 0.10405047693995567
-413.0 0.24452139912960139 -0.025821524071021222
-412.0 0.2673914728426666 0.04881548131925803
-411.0 0.18293000712453517 0.14151647917240331
-410.0 0.19283242298064307 0.161068451353794
-409.0 0.3031816533853884 -0.00011026645560935045
-408.0 0.19955196720195245 -0.0016319806169806728
-407.0 0.031195067616197218 0.05149759269441994
-406.0 0.001062826573621977 0.06410270963213692
-405.0 0.14912437408805726 0.18018760221213734
-404.0 0.06197994955750768 0.27103351681648363
-403.0 -0.09503573197966897 0.14926712595084962
-402.0 -0.062742704221932 0.125526966307251
-401.0 -0.10712960156921741 0.09178575096758718
-400.0 -0.03501245601235405 0.05873552616442021
-399.0 0.06234093584170351 0.13260868162327377
-398.0 0.045687867395446134 -0.021395037230759202
-397.0 -0.007776046912692138 -0.08264097626273581
-396.0 -0.16245372989404103 -0.12007538626338077
-395.0 -0.0689445547731184 -0.14728635625939068
-394.0 -0.04868302356518085 -0.11959041379272543
-393.0 -0.08979042009042441 -0.05491187829782432
-392.0 -0.1356979547975466 0.048784788397976016
-391.0 -0.16860688862338408 -0.057648363811607276
-390.0 -0.23061004271071853 -0.14111910457340718
-389.0 -0.20494819892769436 -0.00042377624336233577
-388.0 -0.12641071814533184 -0.04525486550615472
-387.0 -0.14736631746509804 -0.07187908341178853
-386.0 -0.24210519971863806 -0.13171830531945164
-385.0 -0.27149021311548405 -0.16568017378506783
-384.0 -0.24887796658278075 -0.19188248271544314
-383.0 -0.3081885717083643 -0.21841472477095944
-382.0 -0.3041802172788185 -0.07097425919965918
-381.0 -0.3364172530836368 -0.03842048757113232
-380.0 -0.31336635082586417 -0.03657121670236529
-379.0 -0.25769328492009647 -0.1684510522762866
-378.0 -0.21777006133698742 -0.13325846545207623
-377.0 -0.12814425369207727 -0.05199493586747275
-376.0 -0.08043154581386464 0.016734177266873203
-375.0 0.015458466259279702 0.05357471516970827
-374.0 0.03352259833656738 0.1929404935609696
-373.0 0.08625910958660553 0.15675080748656464
-372.0 0.19563490418885482 0.16194579393604935
-371.0 0.16003907130406603 0.12353557894057293
-370.0 0.21954764547174 0.2585863922335352
-369.0 0.20705562761811339 0.3694634750186727
-368.0 0.18418791289309766 0.32249901290543204
-367.0 0.1921532492285537 0.38868861177284547
-366.0 0.12879003516185347 0.3041202832516366
-365.0 0.12010399607023009 0.16466185749905116
-364.0 0.11494129402458811 0.2889249618708009
-363.0 0.16215684143239648 0.29903113502669454
-362.0 0.15919138644990763 0.2154624267907663
-361.0 0.15415655002583542 0.20883100602827298
-360.0 0.27019841589261795 0.10275287056808292
-359.0 0.2835565384778546 0.17081096925558809
-358.0 0.3235031461449285 0.30785419684882775
-357.0 0.4162440420402216 0.310825570079722
-356.0 0.4411084843066873 0.18954474732106608
-355.0 0.38298666106549806 0.18623316938046763
-354.0 0.4140223582465903 0.11718308338051096
-353.0 0.4116136189239338 0.04974746612606391
-352.0 0.38374275363532956 0.12492236945005994
-351.0 0.382201878081914 0.13373827007763595
-350.0 0.43500142501289973 0.12834362844337874
-349.0 0.320674068903056 -0.11043548289526088
-348.0 0.11602981095677255 -0.0684670446512378
-347.0 0.12272874265275899 -7.237364996406414e-05
-346.0 0.03580395277802039 -0.06532258587407723
-345.0 -0.004555730964685608 -0.11113578393076613
-344.0 -0.1257252759046561 -0.04578918057250861
-343.0 -0.09457311252765915 -0.29718578683955404
-342.0 -0.049342140538670136 -0.2714825806766022
-341.0 -0.09979945052856322 -0.3181864266297052
-340.0 -0.2630910935329912 -0.23772712250082123
-339.0 -0.22982864355887267 -0.16747643666100057
-338.0 -0.15051372759280482 -0.30493771196272296
-337.0 -0.13752474167409218 -0.3098469709263211
-336.0 -0.157815841841622 -0.21176330882553893
-335.0 -0.029451124876783977 -0.08605701849096523
-334.0 0.058886609504180024 0.07847108346719457
-333.0 0.12020152814159545 -0.032680122050616746
-332.0 0.09363093635443379 0.04490252523586664
-331.0 0.023649106755596748 0.08100675804188057
-330.0 -0.027420409574248877 0.11664117641418989
-329.0 -0.03627327013105949 0.29168411526116256
-328.0 -0.004639621401857398 0.2863941771196285
-327.0 0.07445004437904588 0.2463719099640528
-326.0 0.07012842741629018 0.19826967709564775
-325.0 -0.17672607600481116 0.2387031042829999
-324.0 -0.24234167834856177 0.1908298530300408
-323.0 -0.26736383234260125 0.1912561033293632
-322.0 -0.29616972017175275 0.27421765079886257
-321.0 -0.19093096684837343 0.2639702514392176
-320.0 -0.07493151070135627 0.2158015332324517
-319.0 -0.1046376987133057 0.18506877624269974
-318.0 -0.18112160234065938 0.212164057030159
-317.0 -0.18901435963800745 0.3389431920055505
-316.0 -0.12805935861515427 0.26326410660372634
-315.0 -0.023212572277744585 0.18296948660407497
-314.0 -0.05435040246309344 0.1251086637277707
-313.0 0.09736621055900492 0.02171335136285332
-312.0 0.05733976143121855 0.09490438372124632
-311.0 -0.11751849430093998 0.07032852163521167
-310.0 -0.17494435516344947 0.06705632937514155
-309.0 -0.07329775685163313 -0.017295436663515393
-308.0 0.006960218496714089 -0.1470483381771513
-307.0 0.04755460660735861 0.0015268427683185707
-306.0 -0.014465414115646691 -0.06658424945800513
-305.0 -0.12519214276150434 -0.053477079621303804
-304.0 -0.18707617826475748 0.012345248767235755
-303.0 -0.114178875983611 -0.11392829587584437
-302.0 -0.07866371650900676 -0.0005255124609190199
-301.0 -0.08578984087932608 0.0208564309903856
-300.0 -0.1327163943525984 0.027642421517646197
-299.0 -0.22928983034762168 0.138543602468565
-298.0 0.006690261431399545 -0.007868293418511309
-297.0 0.17120108953757476 -0.055404015915704166
-296.0 0.24363543511715277 0.03284564532133213
-295.0 0.306138091532991 -0.0029931530033268246
-294.0 0.3387364817010124 -0.06711941169571652
-293.0 0.35247307881870127 -0.1364938144767512
-292.0 0.38594979826743375 -0.019533615805106905
-291.0 0.4998365091499932 -0.014308845520901486
-290.0 0.5009752914641694 0.03545079683495851
-289.0 0.5027950165802151 -0.019805658015303245
-288.0 0.34132919677845774 -0.16109021700929463
-287.0 0.2235117296088316 -0.21222352082537566
-286.0 0.2127686623292279 -0.20575212973193566
-285.0 0.289341789826326 -0.23934077044814195
-284.0 0.3472036678376958 -0.13541859730618025
-283.0 0.12052912054209748 -0.2528579925942149
-282.0 0.02028730969176408 -0.10974482009585781
-281.0 0.09666357478806757 -0.15478588632537574
-280.0 0.0689751875808406 -0.21007565280736026
-279.0 0.029933690867497524 -0.04282062175763137
-278.0 0.08641794847752338 -0.01343532505532209
-277.0 0.07230804449542798 0.004307539908276404
-276.0 0.014134598104446405 0.0036428440255199005
-275.0 0.08516777052105771 -0.026428176248437466
-274.0 0.09099759375228332 -0.015781206169861277
-273.0 0.1532457009506471 -0.05080328560705829
-272.0 0.08425619194340568 0.10211822116885719
-271.0 -0.1011972869592775 0.07648076052926749
-270.0 -0.17228532882621495 0.1117572169361024
-269.0 -0.19089060506561645 0.04493525847681143
-268.0 -0.1302016614041406 0.007824895884244981
-267.0 -0.09547606933524935 0.07315745441713653
-266.0 -0.207176168946322 0.125341292123255
-265.0 -0.35883899782515344 0.0690489895708829
-264.0 -0.46378606616351736 0.008833575360444861
-263.0 -0.4916774892202459 -0.06533634773575768
-262.0 -0.5361600162060698 0.09086057856440016
-261.0 -0.5675649150053967 0.04127956050376226
-260.0 -0.5312146289290276 0.025493155561512593
-259.0 -0.46820910617319145 -0.006091220301381004
-258.0 -0.5386157022247616 -0.07910887535507512
-257.0 -0.37396335567504285 -0.011973109307189696
-256.0 -0.35595238085085285 -0.09456037927728915
-255.0 -0.3695750829486233 -0.22311931628238243
-254.0 -0.4056095760219964 -0.03223030560178747
-253.0 -0.24003155187564554 -0.03673776571945951
-252.0 -0.22759057964133658 -0.1576500281326621
-251.0 -0.07984103262585102 -0.17034801193308388
-250.0 -0.0630937215371987 0.08153227195764476
-249.0 -0.0438949124061151 0.03556159487765118
-248.0 -0.06641211417104916 -0.09692424213356873
-247.0 -0.03417688299464623 0.019218178796881508
-246.0 -0.04965435363979179 0.012326693593020768
-245.0 0.07236964143933164 -0.0022972961590771775
-244.0 0.12943350864593547 -0.03879955948895385
-243.0 0.14539642940323114 -0.023025968398756275
-242.0 0.11934984826514865 0.05499489080005138
-241.0 0.20299206985921509 -0.010367969153370453
-240.0 0.15373334067484848 -0.08440077999861978
-239.0 0.22469160641718228 0.13277667976714133
-238.0 0.35204462542876136 0.04739270800063678
-237.0 0.2702074719647936 -0.008177026537843659
-236.0 0.1630023615830579 -0.0888656991927566
-235.0 0.10254651173356706 0.032406204673237425
-234.0 0.24119907707533578 0.07663865570245822
-233.0 0.34203723012267784 0.013854631555682818
-232.0 0.34894857177219224 0.13611244573117873
-231.0 0.22076120318120254 0.2163515442123783
-230.0 0.20914140539797973 0.22108290443189024
-229.0 0.2276719589108312 0.141542286789356
-228.0 0.12007443264651835 0.06167926169668489
-227.0 0.19140211999960022 0.18206530142061245
-226.0 0.18410158261642834 0.12466069099621094
-225.0 0.16272873808939495 0.015853892429449387
-224.0 0.16504924132453183 0.045202804111424376
-223.0 0.16388582859821058 -0.048184475400522786
-222.0 0.13473437964583887 0.0034745494490808467
-221.0 0.04457125848704628 -0.014937937440283787
-220.0 -0.0019492589061437685 0.12961705865013345
-219.0 0.08407267119410121 0.1462058221833286
-218.0 -0.04121132612862253 0.05966454431627923
-217.0 -0.02194874066167377 0.0922574151942942
-216.0 -0.19156591237658846 0.11522715568928102
-215.0 -0.2358016478802774 0.005908624907614922
-214.0 -0.09996665846452821 0.031458822180805035
-213.0 0.028536542556231354 -0.01993887470117486
-212.0 0.06521808420464532 -0.03914345074459862
-211.0 0.06441003944867424 -0.10735966957766513
-210.0 -0.005228690065780938 -0.011353764022662744
-209.0 -0.034985911640227824 0.08324815869625006
-208.0 0.08249251051694749 0.007229233007176561
-207.0 0.035344257796526835 0.10013115645433711
-206.0 -0.030164341442257693 0.17211136997175333
-205.0 -0.036907105910579954 0.1548120820287818
-204.0 0.030848764584225297 0.1787815911096141
-203.0 -0.020235179963701878 0.026921020946020197
-202.0 -0.13593087175701496 0.1942061558259039
-201.0 -0.15458648565944746 0.3396157085915706
-200.0 -0.0297029372709394 0.27815079511991053
-199.0 0.00026315804499339203 0.4462618636950467
-198.0 0.04550582992543368 0.4368359758124888
-197.0 0.10793218954512283 0.43333963890508487
-196.0 -0.01870175246267443 0.41648994404171524
-195.0 -0.004001052302587595 0.4882887599622568
-194.0 -0.09442318664833992 0.4388110749327377
-193.0 0.016854969553282903 0.3875949067034493
-192.0 0.03801901581371803 0.3283898722237581
-191.0 0.05183126564054997 0.27141878722905194
-190.0 0.11042475052633108 0.39556051988693935
-189.0 0.26157287596734263 0.33945692609446415
-188.0 0.19663351445188196 0.3021321567234493
-187.0 0.10137657910037114 0.1680140505177757
-186.0 0.055000623918359866 0.20561565739214138
-185.0 0.07765465574215068 0.1574421916903025
-184.0 0.16989283455690624 0.08674034514737128
-183.0 0.10693435342110469 0.22715502038566915
-182.0 0.060762735598714965 0.2654292647637629
-181.0 0.01920138104830998 0.13093071663749573
-180.0 -0.07214838357821554 0.15991703588711378
-179.0 0.02301595662728077 0.28956457618568965
-178.0 0.14721922770882964 0.16310967957395764
-177.0 0.20044818043127316 0.12678148475821074
-176.0 0.09114060341155866 0.021601441002005575
-175.0 -0.05296246431210875 0.07844580843550784
-174.0 0.06301184384153474 0.03299603828589591
-173.0 0.11996131440013423 -0.10258288827404911
-172.0 0.2757771520067414 0.044976308648756805
-171.0 0.35431909489730046 0.20220178697000082
-170.0 0.3445329808548386 0.13782052183172483
-169.0 0.3151573074325688 0.06350259279405882
-168.0 0.3663527929884268 0.10005640005071453
-167.0 0.44292645116669055 0.26970726078576696
-166.0 0.4970299445142211 0.3039029711103274
-165.0 0.48256007815601787 0.27397845188610653
-164.0 0.49106425342280996 0.2651273434617935
-163.0 0.4391556285630329 0.19248675091843762
-162.0 0.48815904424983325 0.2892544238121799
-161.0 0.44838486924231996 0.2431577788545548
-160.0 0.37523214885776995 0.3344945103536097
-159.0 0.408235215862375 0.3601835422371135
-158.0 0.34754148186110007 0.2535385050207405
-157.0 0.3828049027929786 0.23472321697857387
-156.0 0.27736753804588216 0.36987819162411895
-155.0 0.3274969875343786 0.4834408458292687
-154.0 0.2823551134609794 0.46865465129924383
-153.0 0.3786185836214921 0.5602317022887147
-152.0 0.43342592687709885 0.7006774621782386
-151.0 0.5099819970525862 0.5939321597868255
-150.0 0.45110942026074646 0.5366012207508697
-149.0 0.4656036632819163 0.6141041464027801
-148.0 0.559299709371897 0.7414057953077224
-147.0 0.6859540390358305 0.8049585040424047
-146.0 0.5289697592998446 0.8409159681450953
-145.0 0.45866472141163556 0.845360346115523
-144.0 0.5191144877629817 0.8665098061508466
-143.0 0.4037528119360565 0.72251483312296
-142.0 0.3959180133403805 0.8443487596581493
-141.0 0.5133109610660178 0.8085044087670785
-140.0 0.5372716829808606 0.7316487931385722
-139.0 0.6479656715730144 0.7072864363249196
-138.0 0.7419845466303115 0.7143587457758453
-137.0 0.6636457859629128 0.9908367050315464
-136.0 0.5885817812688305 1.0490762747838127
-135.0 0.6664052294430849 1.0562970911491225
-134.0 0.8698815644033189 1.2055186903261497
-133.0 0.8897040461455406 1.202120004081438
-132.0 0.967910557886784 1.2888322564238068
-131.0 1.068744796675729 1.3307767976572658
-130.0 1.0620717741219097 1.4793746088623096
-129.0 1.3805131277196347 1.7391289717009426
-128.0 1.564878230144439 1.951626916656601
-127.0 1.6389792198369795 2.2292284161438127
-126.0 1.8561091886716912 2.5362507950626463
-125.0 2.2253520607127695 2.7791604969670964
-124.0 2.4266763849550155 2.975410126732833
-123.0 2.767404057628815 3.214868691056858
-122.0 3.000170728783737 3.5237506602289512
-121.0 3.111708017453667 3.5781002932821364
-120.0 3.3620386997700087 3.66620414771027
-119.0 3.4395680652812355 3.9455692174761188
-118.0 3.6445800210671813 4.251738507492724
-117.0 4.0322662415728185 4.609434652008131
-116.0 4.146605667045947 4.832337493750901
-115.0 4.3657605424802295 5.071926976179251
-114.0 4.604684865542961 5.064934285142428
-113.0 4.777110633648248 4.858999859060153
-112.0 4.878039144841406 5.002577135641636
-111.0 4.786568250061606 5.333539971681963
-110.0 5.010205326958539 5.438780049403999
-109.0 5.31004651376979 5.543846356352187
-108.0 5.348388574675695 5.787546119975756
-107.0 5.446760820221948 6.1698289780707345
-106.0 5.608804490546251 6.433377356177426
-105.0 5.946151446912445 6.557177703850772
-104.0 6.365446990771243 7.04163041456055
-103.0 7.074423020482528 7.777367249798981
-102.0 8.394450613129187 8.948441067243685
-101.0 10.449377158606186 10.96572909706974
-100.0 13.678459335707982 14.959552756012096
-99.0 19.114726894314195 21.073313925350256
-98.0 27.214237685312153 30.66274791888952
-97.0 39.06644235175601 45.082174781405726
-96.0 55.17707762433657 64.63861391381634
-95.0 76.12941696672227 89.38798838867756
-94.0 101.95051636553524 118.25927511184916
-93.0 132.0614235043832 151.09793526505555
-92.0 166.23377532547838 188.81150632598218
-91.0 203.8222530118456 231.90701312454829
-90.0 243.3079979464799 277.87447927504985
-89.0 282.983460530489 323.23024464062723
-88.0 320.7892943676407 366.1506569038156
-87.0 354.61257091112213 404.70030674175774
-86.0 381.8927158252393 436.0197387499224
-85.0 402.26787500119616 459.4117504496693
-84.0 416.4139278291819 475.2391971469748
-83.0 424.46588520450854 483.5084427073238
-82.0 427.118129975569 485.53064259808707
-81.0 425.435465959753 484.0113931139179
-80.0 421.7095613750009 479.65488857368774
-79.0 415.45272272504167 472.6176548623424
-78.0 407.08025756023267 463.5182818545461
-77.0 397.59578126912226 452.0553022951068
-76.0 387.60241792805084 438.52670533413266
-75.0 375.6382799653564 424.17732288651666
-74.0 363.1433187660118 411.08758387253835
-73.0 351.5874624231019 398.21519954679246
-72.0 341.0516981414826 385.37236085505185
-71.0 331.06106620241064 372.88628777015816
-70.0 321.713639966436 362.8252947158872
-69.0 312.36513942453877 353.38108499147046
-68.0 303.43876890258724 343.7800542268283
-67.0 295.3759198007517 334.092579791062
-66.0 287.17054676140316 324.3465524370922
-65.0 278.5693065807765 315.05253021600595
-64.0 270.27125477504455 305.8923409876313
-63.0 263.13670549688834 297.93588405038946
-62.0 257.47583253366895 291.19064581329894
-61.0 252.47684944891992 284.81797726028213
-60.0 248.20838829024117 279.1185280732466
-59.0 244.42415486545258 274.65903232641887
-58.0 242.40216803192567 271.01195972244255
-57.0 241.2277531568678 269.0298244059926
-56.0 241.9014462341043 268.710405870275
-55.0 244.30431957282028 270.9945095620162
-54.0 247.87069724652332 276.09984400735175
-53.0 252.4623214239152 282.50120655904084
-52.0 259.4271669265641 289.3778394922827
-51.0 268.3539267703493 299.12620347826294
-50.0 278.1721850865934 312.4278195922443
-49.0 290.06798227277056 328.9831817410507
-48.0 305.72956048077003 349.0228272557827
-47.0 325.90989886896364 372.09324160568747
-46.0 351.2761976538617 399.6678090398563
-45.0 382.5939915333685 434.1222272490776
-44.0 419.73281079205736 477.24121725845
-43.0 463.61946728622087 527.3049078074555
-42.0 514.2392258714912 586.0592276949542
-41.0 572.7081121489396 653.9095900733066
-40.0 638.6166478497314 728.6138405959953
-39.0 709.4520763981834 810.0020003844869
-38.0 785.434653853357 896.825271761142
-37.0 865.3128961918684 988.5784229700383
-36.0 948.9206938316873 1084.8603959697077
-35.0 1031.0726811577968 1184.1930325133987
-34.0 1109.5908208261349 1280.5320210702675
-33.0 1186.2262097374087 1371.246361325714
-32.0 1261.425468506192 1457.5687655509114
-31.0 1330.351711320023 1538.5045647589257
-30.0 1389.7255115683192 1609.0178325496445
-29.0 1440.015544469905 1665.9721520713717
-28.0 1484.1074887487223 1714.5566296028753
-27.0 1519.3934510187835 1755.7719328129926
-26.0 1545.5087501746402 1788.9557220262573
-25.0 1562.688194762557 1811.813867623287
-24.0 1576.8539735719346 1826.195908243136
-23.0 1586.5671037626043 1833.890619960894
-22.0 1591.9079000675526 1840.5526302669978
-21.0 1593.6431177481302 1843.8115044305841
-20.0 1595.424188024947 1843.1601605293413
-19.0 1595.8257744739708 1840.153578320539
-18.0 1597.0055860494372 1840.672090147573
-17.0 1599.6333996939431 1846.5647309665055
-16.0 1604.8036122426531 1852.3247117566054
-15.0 1610.9602240007998 1856.2790938386859
-14.0 1617.4508733583311 1859.6508123135309
-13.0 1621.6736632023355 1864.2815887057789
-12.0 1625.0471387053158 1869.7146988732136
-11.0 1627.9728822903307 1871.7154837998085
-10.0 1630.1053646570886 1870.7715090309728
-9.0 1630.677077099683 1866.7530418571318
-8.0 1628.9695986100721 1860.6566949786763
-7.0 1623.7722608729348 1852.2907427663524
-6.0 1616.8505173565118 1843.426732627197
-5.0 1608.248371086659 1833.933119098081
-4.0 1596.806899395313 1821.5582697346235
-3.0 1581.67229634915 1805.5459084339736
-2.0 1565.1909633607747 1785.727112973931
-1.0 1546.9108362654308 1763.0109808941113
0.0 1524.850245108345 1738.9681457828299
1.0 1500.8051042571692 1713.881451067884
2.0 1475.7926290423336 1686.7510089300333
3.0 1452.03082672318 1657.0495424767646
4.0 1426.8885744312317 1624.785085030941
5.0 1400.9074236244649 1592.0193894711283
6.0 1374.3653342471507 1562.2668687915811
7.0 1348.2441213913428 1534.343645565617
8.0 1320.9617024836075 1504.0843343275803
9.0 1290.7713809569132 1469.9286452728597
10.0 1261.6208087441244 1435.8933608619996
11.0 1232.971148046797 1402.8123949162318
12.0 1205.5136414233805 1369.8864442608162
13.0 1177.7530402734353 1338.0422590031674
14.0 1149.020380018127 1306.1077805394868
15.0 1120.971226911755 1273.3130231264788
16.0 1095.5387157806956 1239.3312476510248
17.0 1070.6188939350598 1207.8029702682422
18.0 1043.2509049243386 1176.9124236371545
19.0 1015.5050369355004 1146.2938619308904
20.0 988.4423133680017 1115.415393312597
21.0 961.890054497949 1086.0396640440601
22.0 934.7677909618769 1056.5976238585108
23.0 906.6597665074775 1026.9157412120696
24.0 880.6738633747092 998.0692092634232
25.0 858.1996019492653 972.2272098349589
26.0 836.5042267828667 947.701852640617
27.0 813.9913891178571 924.4816045193614
28.0 793.2728632716698 902.9025449408292
29.0 775.7653296555299 881.6380133788249
30.0 758.270579070787 859.2492771472184
31.0 741.2216768012075 838.1054222234632
32.0 725.2783250188704 817.2987102622677
33.0 710.413108527851 798.9551628577879
34.0 696.7267704100658 783.88069980299
35.0 683.9271400891831 769.7668091737697
36.0 672.4068321510817 755.5213031844083
37.0 660.5072628499704 740.7704063842446
38.0 647.6732926261503 726.3747226720749
39.0 634.2800183661273 711.0763386096482
40.0 621.014023994793 697.7319357401996
41.0 608.3598079490874 685.7361438393172
42.0 595.3574188705495 672.9292437001861
43.0 581.2488671003722 655.4538415971143
44.0 568.2110996066032 636.4931256930291
45.0 554.6036219074387 618.7497510177719
46.0 541.1381938772665 602.2778383725223
47.0 527.4545864596583 585.7693850657497
48.0 514.0193019700827 570.876811156626
49.0 501.0142888976771 556.4508689734967
50.0 490.126168800201 543.6208537654959
51.0 480.8456887925352 530.38752752417
52.0 473.54777032822744 519.4356604330699
53.0 467.32183655768114 511.0208877180814
54.0 461.4149837508189 505.8552575418022
55.0 456.08297811019116 502.19063217040565
56.0 453.59484773751916 500.2695655788559
57.0 453.2286062243631 500.21781244717715
58.0 454.4445449218909 502.03656686683655
59.0 456.6551211546216 503.9311463653479
60.0 459.6851656801763 506.38143155824855
61.0 464.40298237224766 511.5203029054723
62.0 470.9767492147693 519.0454135678311
63.0 478.75257648099716 526.3225731714533
64.0 488.8055873071283 532.1947885295441
65.0 499.18029538980704 540.1537922957835
66.0 509.37623138351944 548.8349851624579
67.0 519.5961314382575 558.3088871473822
68.0 529.8527460839078 568.0069183334406
69.0 537.6387648603508 576.7058682281684
70.0 542.1151080204206 581.1757677431954
71.0 542.86184617861 581.8536413628226
72.0 539.9816358125826 578.1383829492106
73.0 532.0255863036564 570.0536060069562
74.0 519.2676694327954 556.6155328107681
75.0 500.2207524380644 537.228354905748
76.0 477.1955817101416 511.7985610463962
77.0 450.38677920270453 481.0751366271993
78.0 421.3922319208606 449.1829764599772
79.0 391.5266658985784 416.9506535853582
80.0 362.7253281472343 384.23696999217447
81.0 335.02674301415925 354.42205264396347
82.0 309.42396026135964 328.3588057376713
83.0 286.7020051891371 304.57692220341767
84.0 267.62760167398733 283.4671734869482
85.0 251.53289328387368 265.72371568676533
86.0 237.73046070924303 250.85060281392973
87.0 226.0807267401243 238.32179743677713
88.0 216.54398821573142 228.1543356286483
89.0 208.51632677507894 218.85234243283222
90.0 200.9046025877907 211.0508148123016
91.0 194.00461004768096 203.7161548193727
92.0 187.3961066349065 196.66299619686663
93.0 181.26411482923533 190.30849702248676
94.0 175.400204645694 184.9130494300317
95.0 169.3732816887917 179.23465547474922
96.0 162.4222150035208 173.77112936858592
97.0 156.163073388753 168.76735875984048
98.0 150.51114575471888 163.71873479912213
99.0 145.56453431617373 158.1243528021834
100.0 141.03066854844118 152.19332467901546
101.0 136.5836636144547 146.83026600826747
102.0 132.4001066244957 142.40219654348078
103.0 128.6885791078165 137.95823703652513
104.0 125.48116284161723 133.88933315559697
105.0 122.20565625625879 130.0393674640141
106.0 119.5003193696376 126.83943725094895
107.0 116.82321035728388 124.65336904404913
108.0 114.29543185630848 123.42545632587952
109.0 111.60534859034462 122.07635484614195
110.0 109.16947165366808 120.45424750059647
111.0 106.86253549533716 118.17063962114118
112.0 104.76328772978087 115.12744856421257
113.0 102.75296570923626 112.48752793246459
114.0 101.4065182710025 109.9866534839124
115.0 99.93012905915619 106.80040732807176
116.0 98.12097890266776 103.88346336231338
117.0 95.98415093605529 102.02022189347751
118.0 93.91916822665934 100.03800800809321
119.0 90.91417094273807 97.07209370691218
120.0 87.52236861921487 93.59728891236063
121.0 84.55994566495575 90.77981642139719
122.0 81.83157300452666 87.43068927795072
123.0 79.34365822549698 84.07183065446515
124.0 76.48382375579048 80.78876021140383
125.0 73.80175106032867 77.94425955087544
126.0 71.70746575562144 75.90378434034737
127.0 69.78057802782176 73.78811083181101
128.0 67.9615420968044 71.83986252376165
129.0 66.19202250504236 70.1774308066948
130.0 64.98866538738045 68.79569374443831
131.0 63.8940587119366 67.80755390772126
132.0 62.664970172155115 66.40622598105634
133.0 61.25057697254471 64.64633603274252
134.0 59.989579449357095 62.946881633047276
135.0 59.1813950170485 61.77888129376872
136.0 58.255183255140395 61.020568011883384
137.0 57.308031703326606 59.589840205723746
138.0 56.6155135725778 58.16694124904264
139.0 56.14697920806318 56.97074827681192
140.0 55.67187041397844 56.52681807932463
141.0 55.44733393476808 56.016288252248856
142.0 54.88522047565878 55.183495934674575
143.0 54.11789931221631 54.71458609825761
144.0 53.33690946900154 54.672956638631895
145.0 53.1550110236358 54.48900781035266
146.0 53.19090115890947 53.8799114724577
147.0 52.87052736263812 53.10137636377903
148.0 52.45069168443512 53.01478806969549
149.0 52.17524002397868 52.62536306840933
150.0 51.90271246874731 52.43614662175029
151.0 51.3479860716881 52.256230629049966
152.0 50.86302069909323 51.91963248797791
153.0 50.46947005764025 51.991965198645026
154.0 49.579480733551 52.34892366464985
155.0 48.36433835390973 52.39053326088653
156.0 47.353386684041766 52.1892951003007
157.0 46.67798889683908 52.04215544645172
158.0 46.38869047650377 51.46314969860853
159.0 45.839820097987214 50.7342801143643
160.0 45.78785158176128 49.794212832069604
161.0 45.847883978156965 49.57748111346524
162.0 45.93905792737787 49.86565390291209
163.0 45.54784711200711 50.219737895131345
164.0 44.99812323682387 50.48189378788218
165.0 44.45494876132543 50.31603747316517
166.0 44.34676782350654 50.438578504709035
167.0 44.374955643514404 50.52320684892259
168.0 44.00323454233931 50.18156508670733
169.0 43.661449144363914 49.771621015616624
170.0 43.56103786319487 50.326659117671866
171.0 43.46257182180343 50.71763908283806
172.0 43.359926051315675 50.48281632606102
173.0 43.70194360608518 50.11058359505547
174.0 44.0783967379521 50.06935237161372
175.0 43.827141551808324 49.4445180293991
176.0 43.60379690195391 48.58187747881923
177.0 43.598403329072994 48.256573112402464
178.0 43.74450402579933 48.70406207370978
179.0 43.74352997415951 48.76651540823664
180.0 44.347285674743105 48.72181214790072
181.0 44.62340146174051 49.09703019404494
182.0 44.774898940363734 49.088020212037385
183.0 44.658449386129725 48.421639228357904
184.0 44.71915127214668 47.7099578510501
185.0 44.94865958970888 47.56093928877903
186.0 45.433906245524234 47.58199693815788
187.0 45.54428413961149 47.044935308812036
188.0 45.743358415890484 46.810580113424464
189.0 45.92691258712376 47.093234299672915
190.0 45.81398212520742 47.063344634099366
191.0 45.49639310056779 46.785887458978564
192.0 45.44232739585982 46.18011408210828
193.0 45.60613334805814 45.99761063767236
194.0 45.24136735208567 45.40658278488942
195.0 44.485635069514146 44.80130966798738
196.0 43.99697415073054 44.255077394533096
197.0 43.625001967315214 44.36476218176093
198.0 43.482702418179564 44.29862439264123
199.0 43.118114672623626 44.04349582582885
200.0 42.58661083793959 43.82671696656414
201.0 42.35359890209543 43.874822808277415
202.0 42.227683171307696 43.74778317448312
203.0 41.802422244924024 43.31087173076883
204.0 40.893358666955486 42.58229065332379
205.0 40.35266668269102 41.72814423445796
206.0 39.7933871792907 41.043353547840965
207.0 39.5367463960296 40.34901702514836
208.0 39.31271337473144 40.06715959071059
209.0 39.41347316302371 40.40749653917464
210.0 39.56974655861955 40.99346295887376
211.0 39.7304844292512 42.071426004980644
212.0 40.08497155725754 42.78225643328262
213.0 40.31204871870847 43.314454448677076
214.0 40.630698146391104 43.455871958964124
215.0 40.84809478617416 43.75213249962461
216.0 41.04776816759604 43.67521877623376
217.0 41.38188274026962 43.43495963667887
218.0 41.65724513815899 43.62752108773569
219.0 41.47418961594506 43.96626077062811
220.0 41.392158081532806 43.85650197416112
221.0 41.22129794574306 44.215307940824204
222.0 41.45353115878506 44.85672564917275
223.0 41.573809258812794 45.224914666339714
224.0 41.32590062633205 44.99111922671158
225.0 41.10213038559316 44.76409700666882
226.0 40.99528715949556 44.7224301287742
227.0 41.1095790994566 44.86037901282575
228.0 41.33954695225485 45.107786076438444
229.0 41.546738380892805 45.654494277713425
230.0 41.70818794893331 45.88503017986001
231.0 41.6750718359431 45.52459415218986
232.0 41.67732208198986 45.2874750418925
233.0 41.95866002029774 45.156845446527264
234.0 42.310708861333794 45.391591343836126
235.0 42.47387029819303 44.979053618238034
236.0 42.82479530885972 44.538192701575746
237.0 42.85793186629586 44.554390034320136
238.0 42.81917130276056 45.14970689124344
239.0 42.429526541892656 45.18569203216223
240.0 42.224550755249595 44.898624842918274
241.0 42.33038286729971 45.02309964273512
242.0 42.36503544278658 44.68542857620248
243.0 42.15459969892534 44.08192875339162
244.0 41.98090568976415 43.471303801393155
245.0 42.1861922663608 43.472351508804046
246.0 42.280417517049614 42.948934517044414
247.0 42.00656855710605 42.25441294837064
248.0 41.73738767009756 41.794391322935596
249.0 41.68329265990099 42.186368960658086
250.0 41.789295524124405 42.646845480485936
251.0 41.59557209021822 43.32741994997261
252.0 41.48071580330745 43.552683415699335
253.0 41.54522314204611 43.125308912001216
254.0 41.56673891945708 42.16657833738407
255.0 41.816079743284206 41.738891721401785
256.0 41.84261486533433 41.88366356395229
257.0 42.032825652644824 42.04390992273738
258.0 42.23510576198675 41.7211352580022
259.0 42.1389446793278 41.09664236625313
260.0 41.79240804415598 40.710294994787674
261.0 41.326912625616 40.88041935271917
262.0 41.20170801844367 40.75870771735246
263.0 41.11880532499337 40.53074779317852
264.0 40.690925434341914 40.374825972645866
265.0 40.20099616562924 40.39149844128593
266.0 39.9298620825423 39.892766855706284
267.0 39.51126573147213 39.08975246446263
268.0 39.11685912254304 38.321475628489814
269.0 38.69443312162754 37.863993194410604
270.0 37.59001858289019 37.0903201134172
271.0 37.030933369189796 36.651089444020485
272.0 37.14633105636704 36.33630842462436
273.0 37.222279954540795 36.18203225365473
274.0 36.803008641986324 35.60128983799216
275.0 36.24511275538057 35.319426613720964
276.0 35.84968099812178 35.388338836019074
277.0 35.68955899718506 34.94625068901257
278.0 35.089909907962536 34.72337617934486
279.0 34.3115922043499 34.77295989816593
280.0 33.49718815020771 34.561403928787286
281.0 32.44613333028961 34.213181461439206
282.0 31.91716378941579 33.67171405555809
283.0 31.092769785330862 33.1456609648093
284.0 30.34201377409222 32.29123361953323
285.0 29.643518743420586 31.804157618752207
286.0 28.76706919315933 31.528887189626026
287.0 28.177854696032313 30.642549615448925
288.0 27.751627453574688 29.566715855281014
289.0 27.52776175288458 28.813633735256257
290.0 27.31554197166722 28.62468118528118
291.0 26.93703407108801 28.04992072393351
292.0 26.487882448537345 27.245140524782094
293.0 25.955889806918943 26.879015778786776
294.0 25.723788758953116 26.277037428847585
295.0 25.557377403613057 25.22413528908947
296.0 25.21781220649876 24.5073909420022
297.0 24.564489544225996 24.12625952820539
298.0 24.246326998416677 23.85533359598961
299.0 24.066131190388237 23.152402768901585
300.0 23.654208233749248 22.77298310180567
301.0 23.172703845371807 22.80247088542279
302.0 22.65340220896814 23.01740548926805
303.0 22.130718332413075 22.642170023711497
304.0 21.654877817960962 21.87111353893467
305.0 21.375997106219277 21.249812215827138
306.0 21.241185954923015 20.72507029788843
307.0 20.911583098305154 19.699323226205472
308.0 20.42679296930803 19.039678688999192
309.0 20.13889777832396 18.604141705190443
310.0 19.75676190138417 18.437534318032675
311.0 19.267190621786675 18.50657169379812
312.0 18.420054816108642 18.667933396188705
313.0 17.98251758147856 18.56813907324048
314.0 17.711508399373546 18.128093455688365
315.0 17.34258750837437 17.819377575162566
316.0 16.958889607896023 16.979670770601373
317.0 16.998587652221243 15.993444515729243
318.0 17.122017186529582 15.567227182829784
319.0 16.89868567814689 15.586739097879873
320.0 16.759361912724955 15.771986439884435
321.0 16.465446414157014 15.594848094417992
322.0 16.159621995080965 15.205280971729168
323.0 15.762382244318124 15.18887352234429
324.0 15.459510963417845 15.356328419437489
325.0 15.412544935602593 15.28229372094097
326.0 15.628127000092213 15.15769818266873
327.0 15.445217852940242 15.200768080408679
328.0 15.019625569325786 15.439892660704507
329.0 14.67198064138372 15.538410391921923
330.0 14.577740950539111 15.431635600733165
331.0 14.661897650628262 15.31585504898048
332.0 14.761931678810885 14.930465230223074
333.0 14.583443837869122 14.567618570083303
334.0 14.321327571487537 14.504899757412065
335.0 13.936709877378467 14.427323433523563
336.0 13.887536985977489 14.499216990363564
337.0 13.985477929451505 14.716290878926358
338.0 14.156001800769417 14.934847896022257
339.0 13.945066927619402 14.712301678677706
340.0 13.633584215335151 14.356532647581714
341.0 13.527380147628525 14.300683807091715
342.0 13.29048625248856 14.355646931231103
343.0 13.108064263560852 14.68388115649055
344.0 12.940502158112086 14.712701910994479
345.0 12.79561383689833 14.698636699202906
346.0 12.67881745020358 14.741262578618239
347.0 12.599787806840448 15.032802244714421
348.0 12.586678287303359 15.27983682357154
349.0 12.558103995555188 15.48990420876007
350.0 12.567746584169894 15.638976872043857
351.0 12.609340829379558 15.623260604213618
352.0 12.44600810422791 15.431368011299849
353.0 12.433678207587196 15.208193248177952
354.0 12.574847876452182 14.834999025784368
355.0 12.951867334804508 14.513996326306575
356.0 13.206932370935716 14.150680896022042
357.0 13.025668192807114 13.903457645666238
358.0 12.954145333071008 13.690704209762497
359.0 12.908771468547448 13.441540654901859
360.0 12.998760082540812 13.388218731758888
361.0 13.147435762993673 13.424226401043205
362.0 13.178626315916267 13.028366417382404
363.0 12.93423290780606 12.783150053626242
364.0 12.731871435041723 12.597846169351865
365.0 12.765034074822307 12.483266359572802
366.0 12.898545593680046 12.234178264198626
367.0 13.058503119985529 12.045237025581793
368.0 13.052448115772338 11.948187465397156
369.0 12.826555956487743 11.859034932619515
370.0 12.577832112040552 11.89254516916205
371.0 12.468815164569724 12.157970972594198
372.0 12.319540582657865 12.434164045133711
373.0 12.536083612117892 12.608604739488655
374.0 12.705129166523689 12.55371056811964
375.0 12.586576336958187 12.279597333791472
376.0 12.272955640380607 12.03255800598695
377.0 12.219069905120474 11.861686101402555
378.0 12.188236295544996 11.726483071856213
379.0 12.256794350719712 11.871325826185423
380.0 12.150048396987211 11.923050908044601
381.0 11.8417345548304 11.692786619179055
382.0 11.642783666320467 11.212597079539728
383.0 11.3818259404648 11.220312716045537
384.0 11.075000699897926 11.237324597737757
385.0 11.017109128943565 11.194543203721501
386.0 11.002674340187161 11.041308039202445
387.0 10.810258739788093 10.914068608986245
388.0 10.38807516341612 10.924250966181077
389.0 10.175529883585874 10.764258659211915
390.0 10.36331701585462 10.779716096478495
391.0 10.483357411974758 11.193291139602776
392.0 10.47472084898237 11.200116129600072
393.0 10.288655865080557 11.182679226836205
394.0 10.117496306856506 11.398134525665686
395.0 9.842180270253658 11.87727102243907
396.0 9.69587798032709 12.022234873345433
397.0 9.65262354897631 12.181349092772061
398.0 9.67761358524461 12.134069018500687
399.0 9.583422679587526 12.020988500340122
400.0 9.583533832679334 11.690797725233283
401.0 9.579175520557529 11.528809874743148
402.0 9.809570982138068 11.548708588690237
403.0 10.104485941038371 11.646155053908737
404.0 10.054122537125583 11.7124558455086
405.0 9.841557462619333 11.831376922036556
406.0 9.367953800036426 11.912057817446904
407.0 9.074512606007557 12.082904499848375
408.0 8.930291793126159 12.066640576185831
409.0 8.920301887663117 11.676920087195194
410.0 9.012270661415627 11.502588481571475
411.0 9.031513821499521 10.899476391315279
412.0 8.846868723432781 10.198680152071997
413.0 8.75228030062228 9.762661622397214
414.0 8.769991554616867 9.509876112591215
415.0 9.077903988315182 9.46417791610055
416.0 9.26148263399394 9.247894573880519
417.0 9.177268417953169 9.02656285410765
418.0 9.06875848150074 8.692507840455601
419.0 9.192011331403558 8.399383719911588
420.0 9.302894364628225 8.097833095994327
421.0 9.387983942100892 8.060755274790841
422.0 9.44722445946811 7.531988336634314
423.0 9.333114275300568 7.037931007881855
424.0 9.115145145860186 6.981439462897556
425.0 9.084535262068744 7.2248184091903225
426.0 9.11808556616858 7.418121055414706
427.0 8.874536204442588 7.54077022915317
428.0 8.800325648534109 7.824815845044454
429.0 8.713323421066283 7.699973058968875
430.0 8.602079971578329 7.52879287428416
431.0 8.434642436012767 7.489676595634096
432.0 8.42220554268156 7.674971528565431
433.0 8.556243576057991 7.8262658992550005
434.0 8.449958798139708 7.727843744878946
435.0 8.402130550570854 7.514024286051146
436.0 8.433276460963658 7.445330311719632
437.0 8.705305822982503 7.526112649627408
438.0 8.903062643914632 7.830005595151181
439.0 8.752508368588911 8.197862772377405
440.0 8.589002768114682 8.397350509600294
441.0 8.410309692637862 8.65054994640047
442.0 8.106596004663412 8.921369037533188
443.0 7.645347952243927 9.453348883889483
444.0 7.531497222414995 10.005892722948134
445.0 7.676376765918925 10.209287927792184
446.0 7.59678196114581 10.06453715295733
447.0 7.538239161320544 10.026614774266822
448.0 7.599241077713547 9.809040399832677
449.0 7.643949230827283 9.348609097661255
450.0 8.1159057035322 9.158656288875388
451.0 8.40825842493444 9.193655928033362
452.0 8.507018764540312 9.380915105192395
453.0 8.117702447491911 9.657708544017998
454.0 7.848618138878585 9.715375878612864
455.0 7.874049843490104 9.98956144813938
456.0 8.159996304464839 10.155959903456859
457.0 7.947421842217084 10.149774376520998
458.0 7.641903203907695 10.120638447122028
459.0 7.623072905086655 10.143088882777723
460.0 7.704273491850479 10.246425329476397
461.0 7.868863644420218 10.110041232472533
462.0 8.157897198570218 9.955885448014657
463.0 8.475521467887372 9.588665856161457
464.0 8.465129415905674 9.130658394322621
465.0 8.14900339834061 8.943073199394517
466.0 7.853808005641021 9.129349387532605
467.0 7.92850868500677 9.052338536595757
468.0 7.974575129051724 8.869305963146745
469.0 7.761879721835749 8.451823158188862
470.0 7.46550119252687 8.23291711978179
471.0 7.293996070451709 8.043820973059661
472.0 7.30252131231507 7.638245683653977
473.0 7.355915609341564 7.652428908214221
474.0 7.305836857705231 7.656765514833454
475.0 7.3783001651274756 7.677520621842863
476.0 7.440240671422288 7.6932404402181245
477.0 7.251734190446206 7.735093155221424
478.0 7.1297744721826835 7.7603018074314685
479.0 7.349198007309193 7.749122989635975
480.0 7.785996369689798 7.690232531702886
481.0 8.203163028601871 7.77128777505036
482.0 8.334407965395345 7.763888480901186
483.0 8.600813578440317 7.813355120377161
484.0 8.944237658615677 8.094059157811673
485.0 9.10145792432718 8.572597974795016
486.0 9.209179481095623 8.694113633605623
487.0 9.199593079631585 8.548815090042739
488.0 8.807628345174635 8.488059553861074
489.0 8.543258681011224 8.429581089421236
490.0 8.438457920608966 8.569180046601089
491.0 8.08511008748619 8.661119999158657
492.0 7.7029500708681375 8.985853669103143
493.0 7.455814199584721 9.138478525580735
494.0 7.244504039396356 8.912738121342846
495.0 7.294040636594154 8.793738024706524
496.0 7.601619185793282 8.872974667812734
497.0 7.91648049366646 8.61428836772211
498.0 8.004507926706438 8.582285468247132
499.0 7.664163378368936 8.683643725482941
500.0 7.523727237685271 8.627138284526948
