ns "trace A [ADC]" "trace B [ADC]"
-500.0 -0.11233470277721153 0.0844795469620235
-499.0 -0.13925281444433574 -0.0028650314049010516
-498.0 -0.12441890899802198 0.08637985131477752
-497.0 -0.1567697758135628 0.11836536331286487
-496.0 -0.19845890218626094 0.14414750846437213
-495.0 -0.16013822079377224 0.13691476483390716
-494.0 -0.1427114325915007 0.12690889876728464
-493.0 -0.11617823611140572 0.06296306124420659
-492.0 -0.05305517655487149 0.07189974038126809
-491.0 -0.02648713519703686 0.19811686189489255
-490.0 -0.045545529167983656 0.22174301518358105
-489.0 0.08456653258675849 0.2214185051009437
-488.0 -0.035331400641031595 0.22251870842680507
-487.0 -0.08276885943399484 0.09427245416803336
-486.0 -0.02503896345361219 0.13299839810746775
-485.0 0.013035628397162328 0.1231138555289158
-484.0 0.05202988326693213 0.20021171583640643
-483.0 0.08689426487827945 0.12879387355225314
-482.0 -0.005384130800743332 -0.06603721736893343
-481.0 0.009270129832024993 -0.13517725979738465
-480.0 0.10258736081674488 -0.06518594020912724
-479.0 0.12008209767506828 0.10806061499901393
-478.0 0.1721249398055128 0.029878983634858643
-477.0 0.033470666662404926 -0.2098602564942064
-476.0 -0.020895277746872543 -0.23271451274280855
-475.0 0.03282902295002623 -0.31697774619224084
-474.0 0.06647593735317255 -0.24731200973026296
-473.0 0.022233012911356282 -0.177910530185132
-472.0 0.058486088621184706 -0.2715739338966698
-471.0 -0.0430796423443661 -0.2670689283553481
-470.0 -0.14760996428772433 -0.3219091316433828
-469.0 -0.048659882162250374 -0.2966856485080526
-468.0 0.04573356124859323 -0.11037834307637259
-467.0 0.010806573745333893 -0.09575478301630655
-466.0 0.0062626905391740114 -0.27606341561316805
-465.0 -0.1241575409937077 -0.2855950331681729
-464.0 -0.062426226765401396 -0.1947361186700264
-463.0 -0.09362078518650471 -0.31700175627153687
-462.0 -0.11484585931378033 -0.30381959880264175
-461.0 -0.10557372634167062 -0.12535897241326474
-460.0 -0.15683877203808605 -0.20450639978766275
-459.0 -0.16015698724398475 -0.1285151849338524
-458.0 -0.26658694118514625 -0.14296426592436337
-457.0 -0.2843067268816937 -0.06872487972626996
-456.0 -0.27162546025759765 0.038277909022461906
-455.0 -0.2623919238860553 -0.08580354187636703
-454.0 -0.0975865602837594 -0.016632851579549687
-453.0 -0.02136633218393056 -0.10732508060183324
-452.0 -0.023059915433510655 -0.085471609757151
-451.0 0.012327814183068952 0.09984895350356522
-450.0 -0.10206687521145887 0.21504796787887745
-449.0 0.01877403141788002 0.2571199344063089
-448.0 0.05846692911158224 0.08681969754756118
-447.0 0.09901088386800752 0.055830688583260006
-446.0 0.14960637956729544 0.184493313927049
-445.0 0.03212267543008693 0.2569315606748655
-444.0 0.05626650240946238 0.34111517806542946
-443.0 0.012283961828442097 0.39857207136823847
-442.0 0.04045942055855906 0.39428413531408013
-441.0 0.06682109642765627 0.1424197982292883
-440.0 -0.08444248236384101 -0.07656248003275551
-439.0 -0.15032324949723053 -0.022057654593561998
-438.0 -0.08340223671958757 0.11630462340704104
-437.0 0.003597135069418196 0.105672793295214
-436.0 -0.01087504896649137 0.060024549131162286
-435.0 0.08319798165641168 -0.014255457838813981
-434.0 0.0856104275577227 0.07630327092421642
-433.0 0.050598635195462566 -0.07649900980698596
-432.0 0.10275641071031481 -0.05196072457109992
-431.0 0.11470704827197972 0.010525808306198318
-430.0 0.056790723322918894 0.0036678678902476347
-429.0 0.07688590080694907 0.024009332122842758
-428.0 0.05093766790879794 -0.03745598785557966
-427.0 -0.005551071761951118 0.03269748169363869
-426.0 -0.010323226879607855 0.063021508329935
-425.0 -0.06683033518237153 -0.039684738604838
-424.0 -0.06009023760785429 -0.08588897573947041
-423.0 -0.09922938643336042 -0.0662959701938352
-422.0 -0.05854155591019753 -0.1527337553637017
-421.0 0.05464856349523669 -0.1486809574301619
-420.0 0.013240269571105273 -0.1089678534251202
-419.0 -0.038226037368464506 -0.0035677407791518973
-418.0 -0.0265267547141421 -0.02453206229968063
-417.0 0.003300424695858033 -0.16565343927336226
-416.0 0.1055274961392096 -0.17886458011961368
-415.0 0.1786028349911785 -0.16472755211593768
-414.0 0.14082944981913215 -0.011120927225591827
-413.0 0.10533355207393673 0.035422591160019445
-412.0 0.09724642630818325 -0.02988282360144379
-411.0 0.14817452596032454 -0.022928553552457126
-410.0 0.1813377399026058 -0.041344297431429824
-409.0 0.3250035223984967 -0.0643074704467523
-408.0 0.33780170544888144 0.0071563617566279165
-407.0 0.2283080355330188 0.062007452959226696
-406.0 0.0887999819011361 0.10161446841974088
-405.0 0.037080594721918714 0.11316472160718104
-404.0 0.11013240207378892 0.19470194242635908
-403.0 -0.005704798093503108 0.09245222988251177
-402.0 -0.040661929152231574 0.08409163733922466
-401.0 -0.014218946830940864 0.06548497412063571
-400.0 -0.12705828400302652 0.07877480402726496
-399.0 -0.07278725872314046 0.14433147835962873
-398.0 0.002840204636076532 0.03620196323550465
-397.0 0.0185393570274862 -0.009938634837299613
-396.0 -0.14429222532573108 0.007981996077680261
-395.0 -0.14954154676865528 -0.1197111037924974
-394.0 -0.09488170248741028 -0.06900689593826831
-393.0 0.021310286231076104 -0.03580631868362267
-392.0 -0.07367080713595009 -0.1824339844407836
-391.0 -0.07083952878262605 -0.2591590102984776
-390.0 -0.18481374117120958 -0.1678460512400984
-389.0 -0.22778788454678808 0.05477335416996779
-388.0 -0.10515369623559034 0.003590936257803624
-387.0 0.018768833085497896 -0.09873643090502317
-386.0 0.020392552934085584 -0.022170819309665295
-385.0 -0.25163163635175534 -0.09983142048672608
-384.0 -0.3358852187267569 -0.17555652566853405
-383.0 -0.2914613476520879 -0.16818289150385834
-382.0 -0.23939437828144375 -0.09364354248261386
-381.0 -0.16577358283677118 -0.059574423450199566
-380.0 -0.26276610187557614 -0.16350168949521912
-379.0 -0.29647270422009836 -0.12044509968961087
-378.0 -0.5084591790225245 -0.23405052419340064
-377.0 -0.44778584849714637 -0.32330908806051295
-376.0 -0.403335287931987 -0.19430332018418423
-375.0 -0.21857959366266824 -0.11220653939362682
-374.0 -0.10949315239439697 0.03935417172193105
-373.0 -0.14662458805283043 -0.12371127785540018
-372.0 -0.174517873605941 -0.26087596211185754
-371.0 -0.1596239860897485 -0.061725234311886173
-370.0 -0.08068354056123735 0.06432681968561656
-369.0 0.14667424171543592 0.2370338362242413
-368.0 0.2745084175738846 0.29031261540463016
-367.0 0.1437576644791804 0.24229780127973333
-366.0 0.09471414521543692 0.2199992706202522
-365.0 0.1027039204800667 0.267827796296167
-364.0 0.13778860122506645 0.3760270750490107
-363.0 0.1659607897018364 0.4166899304431544
-362.0 0.1749892643756399 0.223371895238172
-361.0 0.21123053123042823 0.1370661933597614
-360.0 0.19278224296629104 0.10933963136466036
-359.0 0.10734868850023387 0.2186723565735475
-358.0 0.1722713349690011 0.19781220675470249
-357.0 0.19897121062904388 0.2902567386405572
-356.0 0.22384215958262121 0.25558975331620015
-355.0 0.15946950879524138 0.04067449749937214
-354.0 0.18969789970113707 0.21677079505779243
-353.0 0.21431796632426472 0.1683127772117703
-352.0 0.41607065953802 0.21602197592849537
-351.0 0.4396234601754975 0.30037991088316474
-350.0 0.3179184145295285 0.09405226763944075
-349.0 0.31934328436238485 -0.0013678074179480425
-348.0 0.20321777293449758 -0.06322156965912148
-347.0 0.17658823959226624 -0.08215062576735231
-346.0 0.3945485621086136 0.11490897754299523
-345.0 0.33405151696174196 0.19552741420648226
-344.0 0.17281918278745625 0.1304292572894977
-343.0 0.09645170801315582 -0.14249614980902123
-342.0 -0.061193236025749755 -0.3525025801831772
-341.0 0.00862126936357726 -0.17201309348015656
-340.0 -0.000698578091048148 -0.09589546399085384
-339.0 -0.15252179005125163 -0.1813306653902723
-338.0 -0.20580111434646042 -0.25694456100517127
-337.0 -0.23999298180560108 -0.2689717553082885
-336.0 -0.1420535582625317 -0.2851394984925779
-335.0 -0.14754254388276694 -0.320609164417509
-334.0 -0.1971268846591245 -0.2921235127157618
-333.0 -0.09405304225240341 -0.1373634449179897
-332.0 0.04703146879318427 -0.16180417505199157
-331.0 -0.13643978066675583 -0.25267682135275976
-330.0 -0.052818481582363346 -0.17226420661931344
-329.0 0.07324281407375725 -0.0004487454843795451
-328.0 0.021637905884620563 0.1032931670665536
-327.0 0.07822078742011127 0.0636804368209763
-326.0 0.058033622627413434 0.0986542323241272
-325.0 -0.022923889508704633 0.09829694072492702
-324.0 -0.057997199851455836 0.037322900511647356
-323.0 -0.027015870341706036 0.0786398206704208
-322.0 -0.08511220665756933 0.29414645712346793
-321.0 -0.10651950294799847 0.33751840504657865
-320.0 -0.16605245464562995 0.1581614004541275
-319.0 -0.17151043361747376 0.1678649578287469
-318.0 -0.1608251304009707 0.24715487529366212
-317.0 -0.09614486842702695 0.2572706609350014
-316.0 -0.04882888663247085 0.28587825848998893
-315.0 -0.02087314715969933 0.26256405704786584
-314.0 -0.11240490099166732 0.17215700746504875
-313.0 -0.24613691726359044 0.05290748130234709
-312.0 -0.2102269366761504 -0.056948502595172756
-311.0 0.049607486558023675 0.10716992340898426
-310.0 0.10717823410034089 0.18905371453966063
-309.0 0.06860762959863545 0.221007144515749
-308.0 -0.1435284732380483 0.0840527719854406
-307.0 -0.18918554595693207 -0.06315046284283463
-306.0 -0.07053397797980664 0.036737846217540115
-305.0 -0.05041102058696652 -0.093556544233978
-304.0 -0.06003846166994285 -0.10385599436604837
-303.0 -0.09293607139512992 -0.07536560270797063
-302.0 -0.22193542771397143 -0.18998957679244063
-301.0 -0.1791580297557937 -0.2017110706164183
-300.0 -0.1007185590111776 0.01540628803798745
-299.0 -0.06638904258155474 0.09416667541151096
-298.0 -0.06377081838472026 -0.06223856482694691
-297.0 -0.133872116539314 -0.13452924814654696
-296.0 -0.026679342106905257 -0.0774302852681635
-295.0 0.05402548945663057 -0.06998299232421278
-294.0 0.076223099398874 -0.007198660458534211
-293.0 0.1905791037503503 0.01092894418323108
-292.0 0.1751374456533512 0.005179900836947347
-291.0 0.2320825420448839 -0.07644796339451862
-290.0 0.13770674682903244 -0.17159903221320427
-289.0 0.2049291237334944 -0.18293964413247024
-288.0 0.39797162117923596 -0.11004789001872721
-287.0 0.505770492634892 -0.033706495817392906
-286.0 0.5180815891756204 -0.15172596513122266
-285.0 0.4494720922461702 -0.161504599287719
-284.0 0.4238262083523086 -0.039367312529825775
-283.0 0.4223269159959212 -0.050229017581741364
-282.0 0.43472431312046744 -0.11984462467076105
-281.0 0.4094057491630886 -0.1786623731744331
-280.0 0.2176642175980369 -0.23335473037716883
-279.0 0.11779518930633111 -0.28796367274720985
-278.0 0.06583747904196989 -0.30213359217993296
-277.0 0.1629386129827521 -0.10939064574793167
-276.0 0.10847421554243096 -0.12548326155039544
-275.0 0.1503843157980873 -0.1323091408644018
-274.0 0.13071024534555525 -0.08175970517005494
-273.0 0.02156704980843844 -0.09810856429995912
-272.0 0.04781893944370587 -0.10046953198200499
-271.0 0.11434526246170207 -0.0246715778625542
-270.0 0.04229568287159691 0.01636876897450702
-269.0 0.03832986850005018 0.0906335379591705
-268.0 0.014487481460754344 0.06734879218868146
-267.0 -0.11168762849239965 0.06452415813676485
-266.0 -0.07427532472990085 0.11980568669340272
-265.0 -0.06186895201058451 0.12818194473393077
-264.0 -0.1722400393910308 0.06221731968731908
-263.0 -0.36909134344267186 0.0720253026522258
-262.0 -0.42447952093230057 0.16589905623900417
-261.0 -0.4388654059190776 0.13476183425663324
-260.0 -0.4904741365157543 0.049377030648241546
-259.0 -0.45601886330977504 0.011242922629814672
-258.0 -0.532051685751719 0.0008262136273987577
-257.0 -0.7022591066910552 -0.08117370773068111
-256.0 -0.6213327326213256 -0.08332852660064545
-255.0 -0.4496444669467464 -0.16526668019987711
-254.0 -0.4072775489845963 -0.04957970567635205
-253.0 -0.423619950783469 -0.01570444738062515
-252.0 -0.39742838129193475 -0.10213809117153592
-251.0 -0.31992348760950357 -0.08549310242465885
-250.0 -0.24932057194679602 -0.14956116212478673
-249.0 -0.16474833208519363 -0.0314741186368658
-248.0 -0.08433602843139178 0.001338367992258249
-247.0 -0.08042146031360697 0.09067386015518844
-246.0 0.009655030143655853 0.015391875002617478
-245.0 0.02583322738725019 -0.011759636603170748
-244.0 0.09897512785826608 0.009537408545621922
-243.0 0.10203944051166092 0.03665251685038372
-242.0 0.08603053586312946 -0.02802441099675206
-241.0 0.13538156958189712 -0.07534708558521536
-240.0 0.13239530930117963 -0.03767315791991723
-239.0 0.052257042756000564 0.09644251499224628
-238.0 0.08936738245059295 -0.04946114497079129
-237.0 0.09867258851503631 -0.06920007788928645
-236.0 0.1370740042561482 0.056660559924135975
-235.0 0.25921937209798396 -0.006657441483132516
-234.0 0.31971152740546266 -0.09658663824510008
-233.0 0.28038134536552184 0.014137992680972114
-232.0 0.19257904931263664 -0.04327947886847257
-231.0 0.2505389580126552 -0.012009782846426304
-230.0 0.27354615633183765 0.041006141097991985
-229.0 0.2990277694751207 0.13268678994005043
-228.0 0.23217260049467964 0.06544681138114822
-227.0 0.1795238929952717 0.040515481989670636
-226.0 0.11399044009238041 0.029090905708042403
-225.0 0.19211633396305752 0.07643832391786555
-224.0 0.2547425084771987 0.1247432142242643
-223.0 0.2532666101536355 0.02251722488876832
-222.0 0.07642198031802454 -0.09747795606230793
-221.0 0.16352885032648823 -0.0006212644683692714
-220.0 0.18637753683238314 -0.07638534469392334
-219.0 0.10368267429539024 -0.14900776836020244
-218.0 0.1657895831439751 -0.14035815187191197
-217.0 0.13386178067870688 0.014975184314450496
-216.0 -0.03520312280631715 0.031370659681645235
-215.0 -0.16813256044252284 -0.015016307942153162
-214.0 -0.12031765534221264 -0.016938520566772843
-213.0 -0.12470367114410107 -0.06101577877991078
-212.0 -0.04378271911513962 -0.015104894940109906
-211.0 -0.011824244642369213 -0.00575880227670722
-210.0 -0.020532339959551792 -0.04283760138553634
-209.0 -0.05730491171995626 0.1108837182533199
-208.0 -0.044374240182242196 -0.1034498244299293
-207.0 -0.08212664208244624 -0.25449729519025166
-206.0 -0.012080266819004691 -0.08346045400498853
-205.0 0.021755661955917275 -0.12580663866764236
-204.0 0.1490357411230265 -0.044665345452891886
-203.0 0.07558044226353423 0.04928123300432626
-202.0 -0.0005120839687829973 0.0009545147908705385
-201.0 -0.03300185232929744 -0.025083543034384037
-200.0 -0.07400894911825981 0.029266179194304187
-199.0 -0.05197356889916795 0.23420232262196047
-198.0 -0.05121889212526819 0.19785536419511465
-197.0 0.012015671150344616 0.10791786842211423
-196.0 0.03313540434045607 0.20033949155454447
-195.0 -0.06258407872740736 0.24630455619970734
-194.0 -0.10545236913109052 0.4353072147981175
-193.0 -0.06815566396191809 0.41816916177560626
-192.0 -0.11713169273974573 0.35436822652066735
-191.0 -0.1553692337067459 0.33933416909672387
-190.0 -0.10580268683616395 0.38853860301141097
-189.0 -0.10012937762632024 0.4136412948349575
-188.0 -0.028083630616672815 0.4006725920720695
-187.0 -0.0645615937277102 0.4317288174902468
-186.0 0.005188364001793341 0.30170407276061867
-185.0 0.11305292531865326 0.16751385638208877
-184.0 0.13943365167777433 0.21294011103059457
-183.0 0.19819874447580568 0.2602294537402252
-182.0 0.13496425451873129 0.24213770776516427
-181.0 0.2193024102925139 0.27227081605683473
-180.0 0.1840236648930577 0.254807359510954
-179.0 0.1878476031063988 0.40443745212112825
-178.0 0.15729047847502423 0.3118071517905077
-177.0 0.09215773600077293 0.23310336328160777
-176.0 0.08882195551560049 0.3806663890006337
-175.0 0.1738650265819151 0.32927589679498626
-174.0 0.16178478329595428 0.06820665558359182
-173.0 0.2011665633603514 -0.01524424648059949
-172.0 0.36894483576889503 0.08418979180961307
-171.0 0.28684296409053417 0.2063040149851965
-170.0 0.1572992157275139 0.24326356786496173
-169.0 0.295198558670968 0.22071291762359038
-168.0 0.28689785562778636 0.21386303925434763
-167.0 0.2834108803095868 0.2164233854614052
-166.0 0.30999431065381994 0.1131519174908489
-165.0 0.32291414215849273 0.042020042942059715
-164.0 0.2470424321598073 0.10083459212776202
-163.0 0.264240930309175 0.058377141033214786
-162.0 0.32201301007576905 0.051053695085298285
-161.0 0.4788629748398369 0.02813786277185129
-160.0 0.30591275584502636 0.01222473484223292
-159.0 0.2823008828396432 0.024996983579647993
-158.0 0.31002237051480236 0.02721510976193515
-157.0 0.35674596662130104 0.07696079602108499
-156.0 0.3392481901314799 0.15868709253315746
-155.0 0.33100403450478827 0.16862294648632223
-154.0 0.3043494955567459 0.2545160882222609
-153.0 0.35836607980180296 0.2667123512931371
-152.0 0.27695277999004964 0.2804748803015535
-151.0 0.21977711770210218 0.47891017147197584
-150.0 0.29044494810249216 0.4521392026403423
-149.0 0.36385018057773644 0.5996106709065234
-148.0 0.3038306098481924 0.5163049047767972
-147.0 0.26000156506071137 0.41520389599947616
-146.0 0.3372232041516799 0.4795281373594041
-145.0 0.4477262502354852 0.5194650833816936
-144.0 0.4318034642304227 0.621129986009953
-143.0 0.4061470727806085 0.6527705256449732
-142.0 0.32044485983599963 0.6977533885847335
-141.0 0.36953119426917264 0.7650544851666161
-140.0 0.32767847161932057 0.6959007362011849
-139.0 0.39391480794374856 0.8211604875956807
-138.0 0.3422850906495984 0.9762891492681369
-137.0 0.2322360092512147 0.8776601990392237
-136.0 0.2956352363918314 0.837639712544446
-135.0 0.46873978857599924 0.829868510400885
-134.0 0.43356423337558386 1.0588030571567626
-133.0 0.3473658258511966 0.9946056996946941
-132.0 0.41401828895331094 1.0817488871801042
-131.0 0.5665646890487861 1.1588745390107957
-130.0 0.8102212389369661 1.1775759405702788
-129.0 1.0689612049659363 1.4730772231882987
-128.0 1.2765560586096116 1.810032417761062
-127.0 1.353703079622949 1.9638069063562118
-126.0 1.5762662231159565 2.0396690511230635
-125.0 1.6307623819608699 2.136317507878886
-124.0 1.8791822814964032 2.511812832905503
-123.0 2.1129864754224896 2.8570626389369345
-122.0 2.2591648686121744 2.9304467354664236
-121.0 2.558187869957967 3.1625483487178547
-120.0 2.8165814594405227 3.2993357772216054
-119.0 3.1984810848767005 3.609558077037442
-118.0 3.529677345474777 3.646412120816519
-117.0 3.783974451458048 3.901829570357772
-116.0 3.8028642727374655 4.3638528527098845
-115.0 3.7737408248517594 4.491174177237564
-114.0 3.7726324314109316 4.390941323421393
-113.0 3.9351639098888587 4.433869094901505
-112.0 4.209552311749452 4.413779558565956
-111.0 4.3830826877066675 4.607327282806017
-110.0 4.507654559596209 4.753971985729364
-109.0 4.4164049635723 4.986139658856552
-108.0 4.38712224221804 5.1232015241013125
-107.0 4.496033413286944 5.181449764770295
-106.0 4.690005292628213 5.390676135524022
-105.0 4.90165293928195 5.701559228698037
-104.0 5.276160363081406 6.068684881234336
-103.0 5.477968486965861 6.321041093389663
-102.0 5.697229199505125 6.488003429012585
-101.0 6.078730264688354 6.8967924024604415
-100.0 6.702492355790771 7.5898883786503974
-99.0 8.00310994980374 9.047171732910376
-98.0 10.347954047206077 12.002350194202096
-97.0 14.219511436068593 16.71466085505823
-96.0 20.714768166002873 23.584686176265706
-95.0 30.357421021509843 33.930433767713964
-94.0 43.60616847927196 48.87892575436669
-93.0 60.37602817141203 67.96903455050504
-92.0 80.91501587315383 91.22230169312786
-91.0 105.32146752216242 118.65113001754048
-90.0 132.73737324573068 149.32286672799938
-89.0 162.97247878932131 183.29865237618367
-88.0 194.86707062837837 219.80087739679595
-87.0 227.34382609785072 257.9693983742479
-86.0 258.81145963580377 294.3050789874562
-85.0 287.2026989264202 327.47447245808917
-84.0 311.3111689924884 353.9512972765449
-83.0 329.8041713518765 373.7658934046197
-82.0 342.5846420414229 389.7894980528183
-81.0 351.1894857111114 401.8315078291738
-80.0 356.90150958392314 407.18539040794934
-79.0 359.6103379348172 407.18880841756464
-78.0 359.1032886242914 405.98786307883114
-77.0 355.96343394420904 402.5157499308707
-76.0 350.29778658537026 396.4698868236081
-75.0 343.8436142526206 390.7332307229218
-74.0 336.59714019290936 385.1265645336793
-73.0 329.4316302184454 376.8513313254292
-72.0 322.4651200280778 367.55276902260755
-71.0 315.90120711046643 360.2634070386674
-70.0 309.389992308866 354.270835607897
-69.0 304.3127076791326 347.48268729712754
-68.0 299.87917546191005 340.43869574204086
-67.0 294.9747089796826 335.24604569040645
-66.0 289.9944052681982 328.96122943705575
-65.0 285.5451090800068 322.1338790501001
-64.0 280.8524088636594 315.4208226473519
-63.0 276.38946893476077 310.82698058974523
-62.0 271.31124165601256 305.92498300703585
-61.0 267.29819702339876 302.17873242123505
-60.0 264.76128676354995 300.31660370880485
-59.0 264.313297388165 300.2933985188917
-58.0 265.7503738031085 299.9820139058034
-57.0 267.7984299936719 301.1122880944215
-56.0 271.4193375916742 305.6338854979679
-55.0 276.8560702326327 312.3392480758198
-54.0 284.5394953873141 321.0524520524832
-53.0 294.1686483483721 331.69952691530966
-52.0 306.73955552305875 346.3702923920557
-51.0 323.12043191455876 365.2787685175914
-50.0 343.7693316592617 389.102555385362
-49.0 369.3284190754908 418.12864148452684
-48.0 402.277346355471 454.15486815727024
-47.0 442.460019554925 498.7561947649753
-46.0 489.2977278668427 551.3834771103573
-45.0 543.3039749625423 614.2576085672139
-44.0 604.7111147492975 685.5666299556676
-43.0 672.1939650830587 765.5010660057978
-42.0 745.7673209430498 850.9550686532696
-41.0 824.7933438777411 943.2182455718532
-40.0 906.8836939898085 1041.860728797354
-39.0 990.2230590815244 1145.404743474112
-38.0 1074.9217821822303 1245.5480408044557
-37.0 1159.2444728676787 1340.3130099141017
-36.0 1240.5235099202926 1430.301334120827
-35.0 1315.1315460072512 1514.078159106581
-34.0 1381.973787503414 1590.4972016987363
-33.0 1441.7528685602858 1656.4100406659613
-32.0 1491.6038400280486 1714.3573088352005
-31.0 1531.463659719289 1766.8630951266289
-30.0 1562.8055483561263 1812.2181855531712
-29.0 1587.7156525270032 1843.9011684464856
-28.0 1608.7222413288287 1866.2429858740998
-27.0 1626.3104173519225 1881.5676096861534
-26.0 1636.7254523995757 1889.8964681073026
-25.0 1639.7194893468477 1891.170084203137
-24.0 1639.3480574308558 1889.3910794757678
-23.0 1638.4951825571306 1886.5090174751065
-22.0 1637.0133937309618 1880.5866333528859
-21.0 1632.8812378173593 1873.1566879769928
-20.0 1630.2705357382886 1868.346851581311
-19.0 1629.8137089195945 1865.4442250000018
-18.0 1629.1991287180713 1861.6012749408833
-17.0 1626.3040474875959 1855.8289216575256
-16.0 1623.1467068341854 1851.7562684260515
-15.0 1619.4561416143727 1848.0809788321599
-14.0 1614.3382941313164 1844.5076881868104
-13.0 1609.57915977199 1839.447356013152
-12.0 1603.0113430560834 1833.4634921346724
-11.0 1595.5786030813624 1824.671486397799
-10.0 1585.6916115181125 1814.2724510828707
-9.0 1574.944228623723 1804.588808880926
-8.0 1562.344206746589 1796.1350993328517
-7.0 1550.4567972147158 1783.6530176146161
-6.0 1537.8381103738247 1768.6280299422244
-5.0 1523.2716633630953 1749.8172393253271
-4.0 1505.1593857731655 1727.1230155416329
-3.0 1485.8926668804818 1701.6704196875912
-2.0 1465.202879514542 1674.1302242340398
-1.0 1442.801824096579 1643.833715236355
0.0 1416.7732506140287 1613.9504346971364
1.0 1389.3276270978276 1584.3225770118709
2.0 1363.7124316589045 1554.0799694992097
3.0 1340.5515770140973 1523.1773584945872
4.0 1314.9435031168628 1491.6450056056017
5.0 1286.6348384442065 1462.3412002936936
6.0 1259.2992496206998 1432.815046719652
7.0 1234.143966160266 1403.2579025295338
8.0 1209.0354107600454 1375.5361583233746
9.0 1184.1936727422717 1349.1250631727808
10.0 1158.8076455849043 1319.144106950298
11.0 1131.8644321049967 1285.614052356323
12.0 1104.6943347170823 1254.519095446313
13.0 1078.0993289196028 1224.9381130229544
14.0 1052.525362852984 1195.0674874255915
15.0 1025.6974321345183 1164.3826154486328
16.0 999.4356162035119 1136.05858504573
17.0 974.9215344219435 1106.5598253732196
18.0 950.438671196449 1077.0703125009325
19.0 924.3222915565163 1048.2674639377526
20.0 899.1649217027388 1019.6038402079442
21.0 875.2846036985732 991.2127067160184
22.0 853.221642425179 965.0520034338792
23.0 833.386826761475 942.8223989165849
24.0 815.3433950480199 921.2440478746429
25.0 797.554099164985 900.2076230450049
26.0 779.8293103808167 880.9779673840825
27.0 763.6650939427037 861.9354382323526
28.0 747.280923958915 843.171718236653
29.0 731.0616443815479 826.3261502466178
30.0 716.905091191566 812.7421534286012
31.0 705.8852850465641 800.4050140107079
32.0 696.0879594859929 787.9808573129269
33.0 686.4332380327024 777.3420352028121
34.0 677.0511643230457 764.8602340199645
35.0 668.3742650778605 752.3008459928145
36.0 658.6908923930204 740.2494592724352
37.0 647.0051119218757 729.1714698765583
38.0 634.8302397856983 716.9147442103908
39.0 622.482248091656 701.9626665091026
40.0 609.4927457237782 685.7318358811821
41.0 596.2251346561178 670.1908853800678
42.0 581.9327170179217 654.4865698364085
43.0 568.3815615353346 639.2485908636899
44.0 555.8276285741721 624.0015636026557
45.0 543.9113952051954 609.8846311273591
46.0 532.8128055898528 597.474381734665
47.0 523.18221176348 585.2178582817877
48.0 514.3933345796893 573.3113739731772
49.0 506.80883703271763 563.2490160142057
50.0 500.0952091334731 555.2353747381677
51.0 494.55930535227264 548.5951788094231
52.0 490.36320005559764 544.4539089174511
53.0 487.79206807278166 541.3602735638639
54.0 485.569244279613 538.684287533208
55.0 484.1663997815591 538.6811238659285
56.0 484.81074139839114 539.817665227165
57.0 488.03295367658063 541.5566931516864
58.0 491.7746522359818 544.4888149050091
59.0 496.9362408519904 549.3511265877778
60.0 502.9982013771078 555.435839974694
61.0 510.0649714056582 563.6082816439547
62.0 519.6249569343673 574.17843043255
63.0 531.6234029325273 587.6176937138824
64.0 543.7060286805703 599.3111421852618
65.0 555.0289284589354 610.3545734844741
66.0 567.3264543336868 621.4315961656865
67.0 580.1227520909935 632.9854080596841
68.0 589.524433148532 641.2874893827038
69.0 594.4536886051063 647.1478993098078
70.0 595.9635565241266 649.2239434373776
71.0 594.0903174138483 648.2152494969476
72.0 587.3216038898627 640.5251555872815
73.0 573.3771352725578 625.6665997814849
74.0 553.5811902374153 603.4394378080538
75.0 529.1099276197233 576.8115998095235
76.0 499.8148270701566 544.4955882492701
77.0 467.24542009245863 507.1484509213938
78.0 432.4400130442695 470.3107696589253
79.0 398.8894802139294 434.9693668945898
80.0 366.8985602349124 399.3298180445545
81.0 337.72252942852185 365.1256846071388
82.0 311.55699403259547 337.0757681578556
83.0 289.07495630234786 312.7035549001322
84.0 270.05305978863197 292.1815849148878
85.0 254.2948871892648 274.60402882797746
86.0 240.8038344246408 260.4169898262425
87.0 229.53376922528227 247.1530892580779
88.0 219.41173345071087 236.01763623690675
89.0 210.90951895823457 227.0784009904694
90.0 203.3777863310127 219.1092066791694
91.0 196.014895049873 210.85314121729962
92.0 188.76637632639753 202.33663931061938
93.0 181.15372109721687 194.55311919047233
94.0 173.80869699709498 187.41275131551834
95.0 167.0913671286013 180.36026186301953
96.0 160.78317378636225 173.35134998014559
97.0 154.25757281528658 167.240841411487
98.0 148.32234126568682 160.7032576150601
99.0 143.3256408667389 154.01945461754315
100.0 138.7843404842912 148.51723181217588
101.0 134.64773572171435 144.25859091419358
102.0 131.27752921610988 140.70915835672014
103.0 128.29125232787658 136.81944313473858
104.0 124.92426788805756 132.7553936860103
105.0 121.93699030677891 129.41923456046317
106.0 120.29371287024826 126.96310380892128
107.0 119.56097019997377 124.6068726754783
108.0 118.67593098096012 123.0088963318147
109.0 117.19077010772615 121.91151310418498
110.0 116.03894088423449 120.92643296477205
111.0 114.86486037914966 120.1490216858242
112.0 113.17751653724822 119.39493037291133
113.0 111.03532029561418 118.31882656158673
114.0 108.89121324508649 116.7747173048482
115.0 106.93061856127314 115.40711628164118
116.0 104.89828075478688 113.90483132520862
117.0 102.83095246224899 111.514791367957
118.0 100.70483879670427 107.7710663825486
119.0 97.61225345555265 104.49155124468926
120.0 94.63223161530149 101.84646324462632
121.0 90.85847375449019 99.21014959815422
122.0 87.31581763981374 94.96438712058037
123.0 84.33217563441406 90.97520156449966
124.0 81.86663491163497 88.19958399024829
125.0 78.84464470343974 85.66747736770873
126.0 76.21433025072776 82.78716482577696
127.0 73.80782586406991 79.55849123697773
128.0 72.00050913263564 76.98179657488764
129.0 70.21128202699161 74.2225167506293
130.0 68.27846414196111 72.41789954288141
131.0 66.59817231840718 70.78883034068014
132.0 65.25080169838046 69.54566607318957
133.0 63.86359079464407 67.44373421656144
134.0 62.37141572811601 65.92381831532417
135.0 61.27190895292262 64.79374826258064
136.0 60.97806515220894 63.910880922360164
137.0 60.70824289212761 63.06476702362373
138.0 59.84156990456296 62.24166088734495
139.0 59.164060171263976 61.62011489052418
140.0 58.321727806617005 60.15044456370975
141.0 57.424507439685755 59.12132007816938
142.0 56.99143802153537 58.68448656089577
143.0 56.62496433214873 57.99719784177727
144.0 55.90057408495618 57.53017032116129
145.0 55.320281128246535 57.442627405719506
146.0 55.35270536070589 57.210376785119955
147.0 55.10344872878195 56.58461718815659
148.0 54.8382344240284 56.17378296781993
149.0 54.370429240150855 55.85659807437348
150.0 54.091284397717125 55.74204963503029
151.0 53.642939718924985 55.83968716096966
152.0 53.2567800465004 55.848798125888855
153.0 52.64647981641415 55.50388731104621
154.0 52.05290259225607 55.22700288423826
155.0 51.573487926808966 55.12611975930057
156.0 51.33389379972127 54.56993285052915
157.0 51.30634736185716 54.03843938008101
158.0 50.67630959756535 53.670842702732045
159.0 50.18053929981474 53.548203603725646
160.0 49.98268493108317 53.528253071002304
161.0 49.69771046648239 53.3611057911268
162.0 48.95125673278081 53.28081506090719
163.0 48.081253954679234 52.91014511140038
164.0 47.565506972611665 52.78015555688408
165.0 47.37558002868374 52.69455265241875
166.0 47.26641168252887 52.14962551779064
167.0 47.348575728108756 51.31598884960233
168.0 47.28507709154913 50.404190366707326
169.0 47.19169772992435 50.107651709475334
170.0 46.90920234795225 50.042543926102745
171.0 46.71468984483589 49.9082481755136
172.0 46.47673230788378 49.69768270799133
173.0 46.26306143647034 49.88164783337081
174.0 46.025117822696025 50.22789242863216
175.0 46.01180888168737 50.63610010294055
176.0 46.35560621731459 50.96623295159839
177.0 46.39285587465845 51.04965037110326
178.0 46.19348439243005 50.73452022133291
179.0 46.15415486742073 50.08754612604787
180.0 46.59709973870168 49.82188873911266
181.0 47.04417877054327 50.42195354496551
182.0 46.976461956293875 50.658806257364404
183.0 46.82757898725188 50.412835854962225
184.0 46.71188774653099 50.0710655204245
185.0 46.553979344742814 49.81607512308902
186.0 46.30307172652371 49.94631058101762
187.0 46.359762135752504 49.872945749038905
188.0 46.14537315262986 49.59911186411594
189.0 45.80960207299164 48.821986072658504
190.0 46.04644333637201 48.13619611346123
191.0 46.38639670321654 47.73379728198243
192.0 46.38414059412523 47.64467768888309
193.0 46.25849000044307 47.78489355350741
194.0 46.221546212587484 47.98521107325368
195.0 45.997412192543 47.97951442426058
196.0 45.25036680174967 47.77735080139043
197.0 44.772865500001096 47.43417549084871
198.0 44.616318461821386 47.459172350885446
199.0 44.39012232896878 47.28821033274344
200.0 44.03875159797967 45.92600726375519
201.0 43.451571349653825 44.144539008739514
202.0 43.035356331291425 42.95209003802649
203.0 42.5695816916778 42.055948814056045
204.0 42.04286613873206 41.63830927200179
205.0 41.512869396908755 41.61397976041327
206.0 40.74083705488435 41.55785268213742
207.0 40.526333052855314 41.445707901090984
208.0 40.02352091178704 41.516588427888585
209.0 39.244809597010764 41.6785668638964
210.0 38.992204732966876 41.96403500386219
211.0 39.31884358775219 42.608992259271574
212.0 40.25420875475567 42.92389557375668
213.0 41.01425848021504 43.028655969953206
214.0 41.81984859671524 43.48221308427348
215.0 41.76375919480496 43.7400517194168
216.0 41.78358349098821 44.07868745108063
217.0 41.928104687234814 44.099098220910776
218.0 42.30016894174142 43.927377176571454
219.0 42.23442140097588 43.69323196498851
220.0 41.92200389800412 43.54593658644688
221.0 41.96294123143237 44.13481023631088
222.0 41.91201976486662 44.594701187729065
223.0 41.774666770639676 45.36631963597222
224.0 41.96443369753465 45.87551984828988
225.0 42.23940009292187 45.795185015685206
226.0 41.89424631143053 45.123118875030265
227.0 41.510788711036426 44.693403305676426
228.0 41.66509936260832 44.75603585603107
229.0 41.79607772630116 45.0016690915457
230.0 41.651959125646414 45.066708505919415
231.0 41.52536489853739 45.10462407950377
232.0 41.73952393070389 45.4171809891867
233.0 41.97264733236807 45.811367534823226
234.0 42.11137062172295 46.14319303039738
235.0 42.4979870153039 46.27605525984197
236.0 42.93467374377811 46.50806977492914
237.0 43.176687663099 46.70377573809279
238.0 43.254536728099566 47.098317507988966
239.0 43.296660976817336 47.263362742578025
240.0 43.06797422958086 47.24468518459713
241.0 42.914308066734954 47.231700057778774
242.0 42.870366052852695 46.692181996597874
243.0 42.962346257873364 45.942468696490565
244.0 43.186775827236005 45.59305633953618
245.0 43.64411108554484 45.300853997815466
246.0 44.08450272600737 45.28657359686921
247.0 44.08521238095835 45.443637132408206
248.0 44.22895375274987 45.27655408034568
249.0 44.74987709059572 44.91468636052156
250.0 44.76832518256299 44.35117281497319
251.0 44.41570927131435 43.97610565378905
252.0 44.06395211504115 43.79696429218495
253.0 43.89774235657553 43.6011281044149
254.0 44.21291501855273 43.59025079128356
255.0 44.360902835487046 43.48091110282358
256.0 44.38040210081855 43.300311806491614
257.0 44.28974633984312 43.069266001449385
258.0 43.838099666016674 42.985844423529564
259.0 43.478895636620635 42.85006817987365
260.0 43.211577939442456 42.725087523779386
261.0 43.12131505790036 42.64635313405336
262.0 43.05051493144064 42.146015777812465
263.0 42.89111626115779 41.81678649572932
264.0 42.631797040167534 42.23507283539033
265.0 42.54326924058126 42.72631882841023
266.0 42.41006952659737 42.46249328261826
267.0 42.12912563450362 42.11401347410153
268.0 41.489973900641694 42.135546535471576
269.0 41.04013557110173 42.11887438418669
270.0 40.53552585887444 41.69638067155434
271.0 40.22428568351262 41.094600584492014
272.0 39.87391094928539 40.06319559748995
273.0 39.3675998142205 39.11499531660027
274.0 39.036184492989356 38.34703151690414
275.0 38.696474629323035 37.86012893982617
276.0 38.09338851781972 37.458964740223486
277.0 37.62946211802102 36.80549146359441
278.0 37.29578021033289 36.64275723909488
279.0 36.85026283928962 36.63305259212074
280.0 36.2146196876297 36.355672255091754
281.0 35.6342174230222 36.03545137491465
282.0 35.303897210924 35.89816008973458
283.0 34.59849768499332 35.68385143188199
284.0 33.85739695347019 35.6307013097035
285.0 33.28648595940254 35.36899474413551
286.0 32.845848958160566 34.79923423025718
287.0 32.22500029354395 33.57956669537046
288.0 31.67839915890895 32.36935279593279
289.0 30.735649231429914 31.688015782623943
290.0 29.844496277551233 31.1625402731109
291.0 29.019311542301097 30.599228869942426
292.0 28.53716374871457 30.172706556635273
293.0 28.22783981472223 29.646508395702977
294.0 27.852784142501864 29.117270406124103
295.0 27.603973074237555 28.21677247245463
296.0 27.04996755457111 27.992658326909087
297.0 26.377960674167007 27.545368881786246
298.0 25.75614658375118 26.70321887019167
299.0 25.49376349449766 26.063302358949315
300.0 25.20135450335714 26.004321293443624
301.0 25.080948493970226 25.786678199047834
302.0 24.5152819806975 24.688888913964767
303.0 24.001559060653854 24.127644772320878
304.0 23.68006623269439 24.236967729977767
305.0 23.251860036972445 24.012524744512287
306.0 22.917169145978733 23.68403732820705
307.0 22.706090700440022 23.341799760758697
308.0 22.645006514030662 22.805290493462184
309.0 22.36466509821383 22.116039533849005
310.0 21.967663440264086 21.235899448504025
311.0 21.61711699956112 20.284847769477853
312.0 21.269812282390564 19.662435967758775
313.0 21.25857102982632 19.158422517462974
314.0 20.847675043849907 18.948197950659715
315.0 20.15701185212168 18.73653296105843
316.0 19.390434692963936 18.862114777247108
317.0 18.580574833862904 18.85950275383412
318.0 18.067599944812013 18.576075048133738
319.0 17.789464465458515 17.760594202686526
320.0 17.612513150866608 17.266016853354
321.0 17.43748461864627 17.145423504453476
322.0 17.35829635448255 16.741452136310325
323.0 17.009253219436292 16.581177917739172
324.0 16.72323318635929 16.410085303951764
325.0 16.550727576461068 16.334190902564384
326.0 16.496275177205412 16.104617027716696
327.0 16.49003972781689 15.980903500716837
328.0 16.54389813766447 15.458878354041332
329.0 16.18684261398259 15.236410257119857
330.0 15.929699253930561 14.983887609762752
331.0 15.94349258423601 15.245964462746798
332.0 15.803615319789895 15.482926875551023
333.0 15.30027988438105 15.61955592915025
334.0 15.107851381296202 15.777619560843513
335.0 14.693521859622502 15.853264294086927
336.0 14.351643080614382 16.071790839764404
337.0 14.258189174446116 16.110032482659676
338.0 14.315172080517646 15.88883540961159
339.0 13.963217835486534 15.697909619246595
340.0 13.61955089694486 15.71932867149933
341.0 13.628669170897174 15.774235635154826
342.0 13.800948374343568 15.745913662399039
343.0 13.953666659801005 15.434403522744347
344.0 13.873276690201516 15.27204592277246
345.0 13.68166728183351 15.161411738846363
346.0 13.443982895166062 15.199066024197068
347.0 13.209212026801326 15.220783797162246
348.0 13.214554961012157 15.509437054434771
349.0 13.434837742013007 15.796249492627162
350.0 13.40673257958511 15.665876635577497
351.0 12.979949839576191 15.585791588347899
352.0 12.630008797032637 15.372239274758678
353.0 12.648594981684578 15.39158790075903
354.0 12.717033393985515 15.600617723176574
355.0 12.820445815949093 15.509917962815031
356.0 12.944802901396589 15.236825423460473
357.0 12.61459245046274 14.99552977632983
358.0 12.549572295451487 14.655234249430862
359.0 12.938954985537544 14.364123297973727
360.0 13.445736317534992 14.03802558442633
361.0 13.47974653699639 13.913897954260772
362.0 13.427635595489491 13.713259319143363
363.0 13.152158306189472 13.653222563406429
364.0 12.770618668881392 13.493002862452489
365.0 12.529173421812102 13.237979734036951
366.0 12.60949024597651 13.247193817013136
367.0 12.855095871856818 13.092150921614275
368.0 13.00551836824985 12.842640616791789
369.0 13.107275057379534 12.564653958807552
370.0 13.203555586282052 12.24784334213944
371.0 13.14979826066204 11.990463602353882
372.0 13.054404438072241 12.103881709296113
373.0 12.9853458381423 12.143318007834893
374.0 13.04128467551292 12.149204305712054
375.0 13.087805134066238 11.64909429733644
376.0 12.722688138428087 11.697289909042832
377.0 12.589053542046457 11.983131284465362
378.0 12.738341715145719 11.755958460283582
379.0 12.691519615852611 11.468601179225534
380.0 12.520559989470323 11.376439063725524
381.0 12.252810721094356 11.359818454297033
382.0 12.024798220571203 11.455329779625421
383.0 11.958775840024803 11.277927689744246
384.0 11.940329853714411 11.149581415270253
385.0 11.861231237694858 11.030265869298976
386.0 11.536642436297427 10.906813898125778
387.0 11.278105385018556 11.08829572088705
388.0 10.984228952530188 11.07731150197651
389.0 10.953642722994871 11.104867779368378
390.0 11.107044453088605 10.857036692512684
391.0 11.132058120258458 10.919384151197587
392.0 10.985770778527513 10.984069452911147
393.0 10.938741623358634 11.111615963788093
394.0 11.018900673881513 11.286811240306875
395.0 10.955816233844471 11.233373138704595
396.0 10.75389521226967 11.193219427960006
397.0 10.576910225170705 11.206032108624862
398.0 10.291891616577677 11.414239666208411
399.0 10.282150173972784 11.586683099965525
400.0 10.123750397866798 11.741474402071294
401.0 9.897650918498787 11.847831491694183
402.0 9.834210001770105 12.106929849685546
403.0 9.988286890630535 12.181064543416472
404.0 10.02100175378749 11.819253176832689
405.0 10.188864452358837 11.604454150225061
406.0 10.104908440193983 11.663117554996493
407.0 10.389874565424883 11.600546434373602
408.0 10.322331300780268 11.254582448972371
409.0 10.024141027643548 10.850439801015874
410.0 9.579743393214306 10.78502551406092
411.0 9.200614912417656 10.904573035644013
412.0 8.868225910385322 10.726793722392486
413.0 8.762916635574285 10.602988084530327
414.0 8.840432632136292 10.500290816699884
415.0 8.89830885732538 10.449210513224415
416.0 8.845696225974761 10.240389692290139
417.0 8.970936644688685 9.788576312046304
418.0 9.200731939016812 9.334190384845725
419.0 9.26488713136437 9.07411437896423
420.0 9.364002251970614 9.049663287619952
421.0 9.535088808581051 9.192745935532974
422.0 9.639942650447944 9.197598837875635
423.0 9.692816522165911 9.341752774103908
424.0 9.645740502915304 9.384285760965575
425.0 9.622867503677847 9.031380357657596
426.0 9.357266240641845 8.557304837629065
427.0 9.193208134002605 8.113699840151348
428.0 9.211517438626432 8.032562234372662
429.0 9.25549762911367 7.929964075388485
430.0 9.298603337351643 7.541829374298406
431.0 9.194297033386112 7.366439120620227
432.0 8.983191544585889 7.335162514234832
433.0 8.71450821453041 7.594489521553662
434.0 8.622013501653905 7.882711617309996
435.0 8.636892786653217 7.939181280574681
436.0 8.506213902285916 7.893258218934336
437.0 8.488837675931 7.848142590010315
438.0 8.573070905132749 7.843285681401129
439.0 8.815845044542963 7.742969232734494
440.0 8.88767816915544 7.745108058971275
441.0 8.627596431664498 7.776295080899967
442.0 8.47118218037896 7.695113349375722
443.0 8.6143294522536 7.7452659097300804
444.0 8.744408590142065 7.965442717703081
445.0 8.653556638392853 8.328921095359263
446.0 8.439677784770215 8.517755866953355
447.0 8.169097551916918 8.533232401201294
448.0 7.819231754021263 8.457942228752804
449.0 7.5926062737046625 8.821578887082492
450.0 7.624094305537352 9.482509547468922
451.0 7.863732767484531 9.944423370530167
452.0 7.893773292924345 9.778568963967444
453.0 7.955813115285369 9.364834675066268
454.0 7.90646946311614 9.21809557392695
455.0 7.746089343284317 9.144611380909692
456.0 7.871443414750769 9.106462046309408
457.0 8.145876429227101 9.271947015283075
458.0 8.45293573160708 9.39918331188336
459.0 8.366837447265338 9.377230274225585
460.0 8.0633765373893 9.255748289610496
461.0 7.928774910467162 9.588280932136179
462.0 7.776586098272854 10.1724934929185
463.0 7.8792159909411 10.205074925238641
464.0 8.256028550304356 10.223937788311313
465.0 8.499298582383112 10.032804461001103
466.0 8.42048981426531 9.964218060246965
467.0 8.469288923075647 9.708474340573279
468.0 8.617280171307268 9.599452790625064
469.0 8.540368556595801 9.412934908275723
470.0 8.255600939609954 9.074360993528629
471.0 7.972628276802105 8.9308081771894
472.0 7.815243617579428 8.542688162332992
473.0 7.653152592076697 8.210486396543754
474.0 7.559087474907714 8.039570285104237
475.0 7.418134339486279 7.811895797724845
476.0 7.274409082461319 7.652537169583659
477.0 7.329599122282998 7.641693819041818
478.0 7.309912186048674 7.537288827055576
479.0 7.357202863670984 7.624958227851122
480.0 7.318343393461257 7.637145944907164
481.0 7.20092636482679 7.685394552625907
482.0 7.30988731352764 7.523599817938446
483.0 7.493303111188356 7.5045104476097855
484.0 7.602330020239354 7.754689794046921
485.0 7.803498006066016 7.823036916764782
486.0 7.920954160386312 7.770333410058467
487.0 8.282402897617942 7.629781773249082
488.0 8.66299040243992 7.794152277269428
489.0 8.877737567160983 7.967165866667124
490.0 9.01230413694098 8.002799258267313
491.0 9.056967817564914 8.192822801052161
492.0 9.00550239939607 8.253313730853295
493.0 8.779362258406124 8.337714898149706
494.0 8.6301913770239 8.383363808434211
495.0 8.41656611386838 8.619275407408338
496.0 8.021030252665964 8.76013515845414
497.0 7.681345181591018 8.763710940687309
498.0 7.642742661991791 8.723232986907002
499.0 7.766406867142419 8.586455793578889
500.0 7.951329012378266 8.283247873429827
