ns "trace A [ADC]" "trace B [ADC]"
-500.0 -0.10811638449206384 -0.17932049219806231
-499.0 -0.010557811736676536 -0.1735697835283761
-498.0 -0.0022918642762759633 -0.2056394268782926
-497.0 0.10051228771696312 -0.05298037454673927
-496.0 -0.02970905331998962 -0.03992273139660269
-495.0 -0.11662998995803082 0.015181101245240825
-494.0 -0.13180142029012798 0.10508037204678967
-493.0 -0.10286831347558197 0.10193716962294999
-492.0 -0.01698769192660707 0.16393632968500002
-491.0 0.10735387143122485 0.16396061785853813
-490.0 -0.07475632251683874 0.1536182381729477
-489.0 -0.2769947041627138 0.02016847758441566
-488.0 -0.4096307052236639 0.16133761720765008
-487.0 -0.1599940567434999 0.2860852327771598
-486.0 -0.026661897261324532 0.1544901999958323
-485.0 0.15069390082375594 0.1802395547791557
-484.0 0.05554043063756525 0.222199989999854
-483.0 -0.10316618430067337 0.30498602365470123
-482.0 -0.13862032508646976 0.22484409516197043
-481.0 -0.0511681125579113 0.3311075425361104
-480.0 0.15840846877488637 0.3408444189651809
-479.0 0.16892064604937312 0.20807359891610103
-478.0 0.03795925316608612 0.10615765471662737
-477.0 -0.1436202543031891 0.18683663720981544
-476.0 -0.2312279457570929 0.18760348324166246
-475.0 -0.09071011996765174 0.23716538333399786
-474.0 0.17287791787199078 0.2297924201552173
-473.0 0.05601119968302062 0.11798789435403874
-472.0 0.09738205558564494 0.18005245581608026
-471.0 -0.0789639125425778 0.0026286884911240066
-470.0 -0.11993133047230094 0.13551030741418343
-469.0 -0.05310521855256537 0.2205953318566607
-468.0 0.024314315759966714 0.09036349067181569
-467.0 -0.14564079847011605 0.07915887853078299
-466.0 -0.20063325080476377 -0.05587755561171234
-465.0 0.06570954587734286 0.07741992878359724
-464.0 0.12757127740720162 0.09094145710504943
-463.0 0.09157926454404934 -0.11806949524734543
-462.0 0.06058620257470731 0.0048709508994882736
-461.0 -0.03704192287630303 0.022966271083929818
-460.0 -0.08656813380705444 0.010087228552775742
-459.0 -0.13669760257081964 -0.15244726105873121
-458.0 -0.09507405600537921 -0.07626394473627472
-457.0 0.0052271194006605435 -0.016705117810901938
-456.0 -0.016559759956650863 -0.014567225083487735
-455.0 -0.023311828629125557 -0.06826804027297204
-454.0 -0.009848624556989089 -0.09054943147568292
-453.0 0.039551170367077934 0.00798749739106259
-452.0 0.1863495534992539 0.005655691553378542
-451.0 0.13276371832345 -0.07257394102714623
-450.0 0.11694968958317167 0.01212617889473313
-449.0 0.19244239736185387 0.0024224715499263543
-448.0 0.25443400455100335 -0.039572577396390446
-447.0 0.27317326475498843 -0.013058194132836213
-446.0 0.1971309211636485 -0.07085906003879518
-445.0 0.05332145833118102 0.05997742843169817
-444.0 0.09697790131619534 0.20109806430034774
-443.0 0.20898452463445705 0.2421640966265694
-442.0 0.420495429239521 0.3177688369303068
-441.0 0.326427249807317 0.052826873355050125
-440.0 0.19125463830303033 -0.006614523700770405
-439.0 0.1563966601253776 0.11623732605513622
-438.0 0.1311561456759807 0.17385614512776904
-437.0 0.09422945384388426 0.31591829748780575
-436.0 0.2544591577662502 0.3524294548559933
-435.0 0.19102635098005977 0.24957005781932368
-434.0 0.048888177788164254 0.18077573825425336
-433.0 -0.09534360350964147 0.20654287879156202
-432.0 0.04192626726088327 0.3980765293744566
-431.0 0.0745880565571073 0.35606711941048863
-430.0 0.12669904650085936 0.2924950739331134
-429.0 0.12086476343016253 0.13847181765608826
-428.0 -0.023951824425935245 -0.1013386422379003
-427.0 -0.11322822609060686 -0.09533266482530167
-426.0 -0.23668507305523404 -0.17531024088736183
-425.0 -0.0869813399637469 -0.0796315574339651
-424.0 -0.09008024296743108 -0.11014398223682108
-423.0 -0.1773933628238738 -0.2589310871028343
-422.0 -0.18689858452080546 -0.36636056619657303
-421.0 -0.2358581756005064 -0.4012560402687935
-420.0 -0.27396556201549266 -0.2978065118704808
-419.0 -0.20506950524015152 -0.20580026410004987
-418.0 -0.24672032565760912 -0.2994848677954637
-417.0 -0.33897896363351654 -0.22518486051258532
-416.0 -0.354590085120121 -0.21165624934307442
-415.0 -0.3420812381435071 -0.2333475485586796
-414.0 -0.2508037230726626 -0.21145121081527904
-413.0 -0.18213252918287762 -0.19293179027439952
-412.0 -0.1673086567474181 -0.04402897445561847
-411.0 -0.23305961532660902 -0.16318622100562216
-410.0 -0.30078446191271085 -0.06750416048471834
-409.0 -0.24322664417168147 0.19789979337936955
-408.0 -0.16637367721183133 0.22313132630333982
-407.0 -0.0502991188578659 0.30177693073708745
-406.0 -0.05136309237633263 0.26354328670164073
-405.0 0.0687192471665212 0.23612974611947993
-404.0 0.13967081560676428 0.2597164011482728
-403.0 0.07930054309754031 0.2874601857161205
-402.0 0.06286469411654382 0.3989240893042813
-401.0 0.07816915562275654 0.4624444340733753
-400.0 0.1834946181780133 0.44425116983217866
-399.0 0.27800772991194395 0.33297254576127727
-398.0 0.13324748862203542 0.29990065028547525
-397.0 0.28312368434972573 0.31938788652573696
-396.0 0.2677664725592359 0.34210957044030627
-395.0 0.283534781148529 0.37178707589749227
-394.0 0.3476111465865511 0.35459402051602923
-393.0 0.12678785247068147 0.28606830339730943
-392.0 0.13647988804530448 0.3053197090450902
-391.0 0.32871285712713727 0.08159671380636266
-390.0 0.3328892516158694 0.17661551467569644
-389.0 0.2952487466860268 0.24386047022988194
-388.0 0.4290868542803101 0.15556413560428758
-387.0 0.4914631396603533 0.2758834465052581
-386.0 0.37149050603537476 0.19355696763916036
-385.0 0.2123863399537977 0.09287873699555621
-384.0 0.18888134919807748 0.09931264218614641
-383.0 0.33741112187028044 0.01781794394048025
-382.0 0.3075955100853981 0.12462186064371478
-381.0 0.1773636480762273 -0.0310258613997839
-380.0 0.24152445899210853 -0.10817464872683649
-379.0 0.29533003180500805 -0.018136670098215187
-378.0 0.03607039911645097 -0.00963047092005165
-377.0 -0.04437174995431575 -0.03214319214941369
-376.0 0.027545828754652505 -0.15810685391332396
-375.0 -0.005315223907656218 -0.2050452651671485
-374.0 -0.09738742160326826 -0.30489697278021494
-373.0 -0.18812066164864835 -0.2888857472953912
-372.0 -0.09913403623678041 -0.11044100411522108
-371.0 -0.10884987113950205 -0.1019124242843479
-370.0 -0.07748512898127682 -0.11678208444201756
-369.0 -0.01759260576631665 -0.19300083243238095
-368.0 -0.2627910782734398 -0.21179690782868413
-367.0 -0.2510515255239271 -0.0789393277860132
-366.0 -0.1684933529622797 -0.11236781058295771
-365.0 -0.010806779384100991 0.10752430910016392
-364.0 0.17664925398846335 0.17671532285571429
-363.0 0.19619179957761076 0.0850218984328849
-362.0 0.03525668692602748 0.008494322500569761
-361.0 -0.10784763278781334 -0.049211384871654634
-360.0 -0.07657611427538813 0.08631685610894328
-359.0 0.05595720878961714 0.1864266650443311
-358.0 0.14946310025134565 0.2043444879191633
-357.0 0.11273895474174055 0.3059580293706093
-356.0 -0.07523796626518044 0.1495721798528508
-355.0 -0.27499343787489944 0.09302719002629146
-354.0 -0.1880315480201564 0.2855315502072917
-353.0 -0.17848591419351317 0.3137170259924314
-352.0 0.0404303962170843 0.37851524956909116
-351.0 0.03449449606392285 0.18009536860978095
-350.0 -0.1705864786251159 0.2496626155276781
-349.0 -0.14604044430996307 0.2847436708538267
-348.0 -0.05549599485606908 0.2766269532808333
-347.0 -0.02095280183431479 0.38959611982747405
-346.0 -0.0075264905253019185 0.43673829566113925
-345.0 0.047461999655660295 0.3760631678177333
-344.0 -0.1392575672318404 0.07661012971405859
-343.0 -0.30127808951155194 -0.043034526028228166
-342.0 -0.1086893396684029 0.0965639601026484
-341.0 -0.09878542690076872 0.32068784455060906
-340.0 -0.06518065061953984 0.24946575627800757
-339.0 0.07406537070173617 0.004116129241883567
-338.0 -0.011739689361647609 -0.16407233611753347
-337.0 -0.1571584641366559 -0.14013730570452196
-336.0 -0.24881672366302843 -0.07823614449044713
-335.0 -0.0878880537770574 -0.0369993191296644
-334.0 -0.0003320014619095668 0.03183319728326726
-333.0 0.006626047880860114 -0.008921100569976513
-332.0 0.1646244904648801 -0.06906963630582338
-331.0 0.1646420889008381 -0.1218661373892567
-330.0 0.15459160879372486 0.015391669870342411
-329.0 0.21807371206628703 0.01788737981461432
-328.0 0.25050546762871057 -0.015799885915639102
-327.0 0.2850758420993744 0.11705933649883347
-326.0 0.22664038094623823 0.07084117987214684
-325.0 0.22997690256910847 0.11622063523573434
-324.0 0.27056199737888514 0.06303359408642269
-323.0 0.36009909030082066 0.016247643847681865
-322.0 0.46227805802616645 0.03842584253881927
-321.0 0.348427367960388 -0.0016512362300303827
-320.0 0.25122633046440296 0.0938136624509234
-319.0 0.4078328859165714 0.07419049825386591
-318.0 0.4100710519680518 0.02164186443141641
-317.0 0.41915480550846546 0.04738309226147808
-316.0 0.2996907815226644 -0.049057210470445145
-315.0 0.32784010756742193 0.07590466751791519
-314.0 0.5103380664811411 0.10506557962947388
-313.0 0.36075841828245314 0.013690889816888227
-312.0 0.21201393589823847 0.06191542733560185
-311.0 0.11729687721989461 0.03231489669469863
-310.0 0.12730906664346095 0.011880887296417314
-309.0 0.27680648231228083 0.018165529003919625
-308.0 0.19387920716018986 -0.03874146007220279
-307.0 0.1824302140044804 0.0855551224758148
-306.0 0.12096709723550576 0.04477884081563665
-305.0 0.015334602279314822 -0.007448970587528493
-304.0 -0.04655440311990694 0.12498821188314456
-303.0 -0.0314554648705702 0.1506553553131
-302.0 -0.04558367125079408 0.09108551636595502
-301.0 -0.15402498635128742 0.025029379132494697
-300.0 -0.22763911315535096 0.03223383321868005
-299.0 -0.2803128031709641 -0.07397019870180536
-298.0 -0.2782281698924023 -0.05200858126041723
-297.0 -0.11948053018283131 0.19505746180863923
-296.0 -0.20244980106715812 0.19580881561735303
-295.0 -0.261160578220949 0.044792804228537535
-294.0 -0.3103000195032918 0.04307120809658062
-293.0 -0.36206025269256803 0.09253123820766312
-292.0 -0.33903084755049245 0.19600260263074867
-291.0 -0.2898185259514318 0.06783573262279953
-290.0 -0.1835955453364122 0.18124631704397598
-289.0 -0.37090271270244857 0.24125749090909349
-288.0 -0.2818718654020108 0.12739520916205935
-287.0 -0.14695222201578456 0.139245029207703
-286.0 -0.20516849501279086 0.17535314826751108
-285.0 -0.17452014671535016 0.21656796111633866
-284.0 -0.19541412374190983 0.2019448912771302
-283.0 -0.12029894128335887 -0.0347903511707324
-282.0 -0.05046614105761999 0.06692014995652704
-281.0 0.10155774345404908 0.09303035513609038
-280.0 0.12082363541874201 0.0730632235635885
-279.0 0.1791115757013551 0.06323187950454287
-278.0 0.2403356211840058 0.1091949582095431
-277.0 0.24555788968150127 0.14974307455367522
-276.0 0.2579495385485059 -0.10839651165642446
-275.0 0.3324026898948823 -0.1498654457269413
-274.0 0.31809410815184225 0.14722618883784727
-273.0 0.28715980650963585 0.21342997690263446
-272.0 0.3232848731104166 0.24542929897779797
-271.0 0.34036995015431837 0.040227765444305105
-270.0 0.42054438979485986 0.18967021901840325
-269.0 0.5313070452397926 0.2845995467282305
-268.0 0.3754929569557254 0.22857230419859367
-267.0 0.4574991512987993 0.4128099548492115
-266.0 0.5320327462580111 0.40209533962369903
-265.0 0.4256595995739508 0.3949849835357336
-264.0 0.3091719981458383 0.3300306200940625
-263.0 0.2639753682860291 0.3102766538835592
-262.0 0.4099558161802353 0.5203364600084832
-261.0 0.357703837712353 0.5216121752449137
-260.0 0.358665648485231 0.48573439604956636
-259.0 0.33020177552544033 0.4156479139229048
-258.0 0.17134483209663864 0.24358661935476686
-257.0 0.2361780532332077 0.26924708989295726
-256.0 0.23340514544860894 0.23409051673884945
-255.0 0.3397130378165339 0.22541900796378014
-254.0 0.39709137741401795 0.1771329050906699
-253.0 0.183145066131203 -0.13319082159753315
-252.0 0.14904564427847458 0.04836564369240648
-251.0 0.06474823966125823 0.10442537105117204
-250.0 0.2608814502801279 0.06404779139424772
-249.0 0.40389977463608917 -0.01168885944238885
-248.0 0.2134609483291975 -0.015623139980563635
-247.0 0.03178495785450196 0.05487179314563971
-246.0 -0.08002429146677048 -0.03274551679196914
-245.0 -0.07650794621141994 -0.02240757935876627
-244.0 0.08180930486612462 0.21589786247542947
-243.0 0.05650562178811498 0.21777429772521717
-242.0 0.12244404188959153 0.08255476372488176
-241.0 -0.030602029599767547 -0.06790139264178593
-240.0 -0.029515098310407665 0.025214938239997535
-239.0 -0.013472138601116804 0.134119503545563
-238.0 -0.010084758243733272 0.2305334694879537
-237.0 0.048190765166480486 0.383064734707453
-236.0 0.15754150152919444 0.31530447313670856
-235.0 0.12780140529886103 0.25995943504046864
-234.0 -0.05128242850546396 0.19316423009978015
-233.0 0.03890142816551362 0.29481087700406206
-232.0 0.21960926557233906 0.560686694711504
-231.0 0.29018464924617987 0.49476552661146256
-230.0 0.36050381048875263 0.3918823782125719
-229.0 0.2601546635624367 0.41462122757941217
-228.0 -0.020188140380260487 0.38565162400674285
-227.0 -0.0003019093175187866 0.468317044513463
-226.0 0.1300631496050336 0.5336375091165356
-225.0 0.257277353053435 0.6795770263418263
-224.0 0.27720190738815 0.7592888421327453
-223.0 0.03639298671832631 0.5962711250168163
-222.0 0.01707333386064255 0.6758079771225974
-221.0 -0.013755321696540583 0.6686504763634814
-220.0 -0.040751585304807124 0.6742682340294878
-219.0 0.12976926232180552 0.4231743082371482
-218.0 0.009975393058871788 0.3109731583551444
-217.0 0.13353810696048293 0.46162524734834465
-216.0 0.07297972557069712 0.30689693491306996
-215.0 0.004107357482384941 0.33115660073350867
-214.0 0.14685853629014442 0.6361013906942039
-213.0 0.19623670079247663 0.6599813846436736
-212.0 0.10631963345191897 0.6123785008231472
-211.0 -0.02209853985917304 0.39096642739272197
-210.0 0.08679435684257168 0.3470534332535635
-209.0 0.17025886377801067 0.2815204623158029
-208.0 0.19285057235049288 0.21054037426769495
-207.0 0.3115810319140669 0.3651884796971335
-206.0 0.30730995688590873 0.2533678628609108
-205.0 0.2399869465959955 0.11117591873825859
-204.0 0.27217204353311075 0.06675812191746058
-203.0 0.29914670387087994 0.05086213585794882
-202.0 0.3113925844060956 0.07769749426813775
-201.0 0.28782607669557275 0.03412192671132494
-200.0 0.30446977892132693 0.1428017793104982
-199.0 0.34909628841634854 0.2632740619197198
-198.0 0.2575029401495701 0.24234043560796395
-197.0 0.3122844527025124 0.07954342723541774
-196.0 0.35745166291028146 0.10967112905663631
-195.0 0.38673930462291445 0.17138224056804302
-194.0 0.48520864570774647 0.18430583788547644
-193.0 0.5239585799926423 0.06661514382018913
-192.0 0.40014552486219845 0.15445692861530105
-191.0 0.33090333371619884 0.1567454242083184
-190.0 0.24970881459220526 0.28102065928934006
-189.0 0.3562824834913714 0.2787887941749709
-188.0 0.35654744291800267 0.1648331733481547
-187.0 0.19816164231912095 0.11817786217789958
-186.0 0.2187401025107885 -0.10853711850493004
-185.0 0.3035839164758972 -0.09618741009510723
-184.0 0.3025734811130502 0.03837380928922191
-183.0 0.208782167056284 0.26506927783721473
-182.0 0.27014767813366464 0.24913907835629628
-181.0 0.2756499375566607 0.2852275139670645
-180.0 0.2507132790883652 0.3139734625906449
-179.0 0.1989521378245203 0.23587179317123927
-178.0 0.18766381334488977 0.17719966461241096
-177.0 0.26330233533072117 0.43144754526453316
-176.0 0.08293331665146944 0.5276048468487041
-175.0 -0.013372931779024839 0.6283949361106379
-174.0 0.0331468442441719 0.6134183501081952
-173.0 0.07881263632958864 0.5359735072236392
-172.0 0.13215442957625467 0.6242960782236596
-171.0 0.07218098237308422 0.37232935782705884
-170.0 0.14890660028234107 0.2461075997142352
-169.0 0.11233783339753266 0.3555655437155623
-168.0 0.05628954965945422 0.4495087604516184
-167.0 0.14319055834577277 0.580189870512183
-166.0 0.07063005509479539 0.6912611586785008
-165.0 -0.006184851045324649 0.738588023845793
-164.0 0.06789592097777027 0.8318881883368185
-163.0 0.0645578332434523 0.7232120916407562
-162.0 0.085033404335752 0.7872700891882418
-161.0 0.2643218044648467 0.7357700475620045
-160.0 0.45486016061376994 0.6601838481025653
-159.0 0.5605315727448905 0.5245232326787138
-158.0 0.49879581009043555 0.7173248180161574
-157.0 0.4123434005070012 0.9286278477346936
-156.0 0.41271785263759647 1.0074969438523047
-155.0 0.3523251713593372 1.1676092732153365
-154.0 0.4843619084545762 1.2771518829215673
-153.0 0.5176358964282314 1.154352871594036
-152.0 0.6605559075611462 0.9434130902299247
-151.0 0.7259136626433748 0.6709702152991023
-150.0 0.9886476003977468 0.8855276738003477
-149.0 1.0442822345658491 0.9165229706821492
-148.0 0.9906763374859754 0.8301614490068399
-147.0 0.8612051946105557 0.861367791434954
-146.0 0.8584891578552315 0.7446023197407367
-145.0 1.033620656138449 0.8131691173659228
-144.0 1.1354326198737659 0.8803289660067704
-143.0 1.3378516878271174 1.0435617077891703
-142.0 1.2977976514756104 1.2794696119487168
-141.0 1.2315297024531273 1.1104632935754841
-140.0 1.4333774079751338 1.0600650458798218
-139.0 1.5149995270129342 1.0023087202547045
-138.0 1.6585749733568627 0.9516798118234548
-137.0 1.8712853322629588 1.0858878990161478
-136.0 1.9495529093111903 1.104879850713873
-135.0 2.016280515409703 1.1795038325814704
-134.0 2.041927682647743 1.4657798430357811
-133.0 1.8546415208224665 1.6496670542093042
-132.0 1.9241331278097122 2.0208471340857685
-131.0 1.8779537215995672 2.1894913642183003
-130.0 1.8490396207064796 2.373162817559397
-129.0 1.8810261849057552 2.4535048423657715
-128.0 1.9499945090900181 2.751786570754684
-127.0 2.1286854933965187 3.0097789021566355
-126.0 2.3322269372135467 3.079399799862004
-125.0 2.403326048268372 3.1316089341029754
-124.0 2.55241923314582 3.238446488544996
-123.0 2.7432570897366326 3.3241304269917866
-122.0 2.9775170550646863 3.736332359358428
-121.0 3.1715557710436193 4.267903810302113
-120.0 3.2997470320903983 4.728617671268517
-119.0 3.285892054921304 4.732321222236675
-118.0 3.4282671128559197 4.986938618202135
-117.0 3.8742514523629676 5.755146275123527
-116.0 4.34322477953889 6.036039197881521
-115.0 4.704381830149461 5.890611353292181
-114.0 5.032631606762884 5.7328081420161885
-113.0 5.088406288561003 5.797398323064968
-112.0 5.337257784441501 5.8787049258607675
-111.0 5.5238609959522105 5.79979570377655
-110.0 5.522516299942929 5.931152916546118
-109.0 5.393766864374195 6.506191072828447
-108.0 5.1009831135840455 7.1183419352484725
-107.0 5.1042115317271275 7.438656198956725
-106.0 5.3563722718298665 7.453023920749913
-105.0 5.902531080199769 7.521548118345465
-104.0 6.396937867141817 7.3148692100718655
-103.0 7.15511893169544 7.322891192079154
-102.0 8.181156682803952 8.070908975821814
-101.0 9.352425766409866 9.30247737946618
-100.0 10.955488653728956 11.667620266269568
-99.0 13.519693218159084 15.816733088942684
-98.0 17.852142062098554 21.74129598014259
-97.0 24.495345713508634 29.89454147402583
-96.0 33.387799568441686 40.264422808903504
-95.0 44.386296282609244 52.409242582722435
-94.0 57.02055992384448 65.50081308256804
-93.0 71.4613550953158 80.56652878406118
-92.0 87.92905534011594 97.31901105378016
-91.0 104.72870446451091 115.69205823954385
-90.0 120.28299583734889 134.78989871620337
-89.0 135.10090002649133 152.32707731678602
-88.0 148.87719418439556 167.11905856171327
-87.0 159.88361501678816 179.27064667795386
-86.0 167.08131828202153 187.98742385046953
-85.0 172.10098827835387 194.27635136483713
-84.0 176.91044257590596 199.8282041581667
-83.0 183.8335794173728 206.61812781896677
-82.0 194.38273332851549 217.08281981702805
-81.0 209.12208838129155 232.75335913693937
-80.0 229.49970353388693 255.7465629154254
-79.0 256.557139697158 287.06820243441064
-78.0 290.64561183109765 327.03193858201325
-77.0 332.7458264354637 374.2276116557738
-76.0 381.9723656893229 427.04492951629186
-75.0 435.0051254721851 484.78658504873124
-74.0 489.1584459450479 547.9581375014866
-73.0 542.2222372347346 611.7106538468998
-72.0 593.5315485974398 671.8878133227563
-71.0 639.8772448009087 725.1544290179387
-70.0 678.3272535675906 770.4595732850559
-69.0 707.1030766165669 805.5576482490503
-68.0 726.252278925678 828.4642317615827
-67.0 735.7113189368088 841.9746869959642
-66.0 737.7111878458203 845.4521718185164
-65.0 734.1100361535246 842.057132819659
-64.0 728.0827044128896 833.6538308014475
-63.0 719.139809176556 822.5658628825233
-62.0 710.0925641479612 811.0692249478537
-61.0 702.5917193899825 802.5101500090207
-60.0 699.1098667311062 799.0297861464622
-59.0 700.0646973869755 800.6158551964377
-58.0 704.7798762442192 804.3170288835861
-57.0 714.2634039565872 815.3062125905091
-56.0 729.017848145712 832.9765848627835
-55.0 748.7293029256913 856.7533187007218
-54.0 772.6605079474954 884.8916586260103
-53.0 802.4907220394866 920.6725765942105
-52.0 838.7427940035311 962.9046434460469
-51.0 881.6348278783547 1011.0061476089663
-50.0 928.9699455643977 1063.5652788296668
-49.0 979.9104529250144 1121.6124852507414
-48.0 1035.958340466381 1183.3963012165189
-47.0 1094.5012147713755 1249.2351782815654
-46.0 1154.2219197986371 1318.6637179993052
-45.0 1214.7445824493777 1395.5018756761617
-44.0 1278.0425203730067 1477.4473618761342
-43.0 1343.5005478133069 1556.3806094270392
-42.0 1406.9566003570203 1630.476516534594
-41.0 1467.5008221365838 1702.50275889645
-40.0 1524.2266690102886 1771.717182282951
-39.0 1577.0978372986249 1835.1453408860543
-38.0 1623.4011188801826 1886.616848338069
-37.0 1659.272290592629 1926.5745884032808
-36.0 1686.105594601141 1956.2977202772763
-35.0 1705.1273618780974 1976.6432204872408
-34.0 1715.6260339351713 1984.9841627881704
-33.0 1717.1406531785553 1982.3264512707458
-32.0 1711.4597275202273 1973.212760598208
-31.0 1701.5349980753983 1960.3970534517725
-30.0 1687.935860865845 1944.9262452955365
-29.0 1673.2559148278467 1927.6293444431608
-28.0 1657.4104173172575 1908.647576199296
-27.0 1639.4024959928834 1889.8256775616233
-26.0 1622.2884732432553 1870.0442799532766
-25.0 1605.83638900999 1850.0036417265424
-24.0 1589.8995634597609 1830.627006916996
-23.0 1577.389274263198 1816.0837267276017
-22.0 1565.2625234362868 1804.4194414130925
-21.0 1555.4537795251813 1793.2414464653145
-20.0 1547.8645758336565 1783.1364861973798
-19.0 1543.0300071481936 1776.5223910657082
-18.0 1538.7902607593562 1770.9065989465994
-17.0 1535.3193930534092 1765.2241309927206
-16.0 1533.2996015632102 1759.583296996872
-15.0 1530.0459713490427 1757.9850907271125
-14.0 1528.807268057666 1760.040072518699
-13.0 1533.5418915924372 1764.0631153605582
-12.0 1541.3616968238516 1767.5376024598897
-11.0 1548.5041600114546 1772.2301485101366
-10.0 1555.223131524906 1778.823439007153
-9.0 1565.3273555609055 1789.1537460071863
-8.0 1576.5110125942601 1798.742212686964
-7.0 1585.1471967515174 1808.1259968487623
-6.0 1594.4899216386946 1820.0853375488546
-5.0 1605.6293279655085 1837.741211277523
-4.0 1618.8619346371465 1851.948331249083
-3.0 1632.179611868949 1861.9501147707513
-2.0 1645.120919226622 1872.954094597693
-1.0 1656.9930039318929 1887.464058534413
0.0 1669.87393653041 1901.2280315937664
1.0 1683.3833665074721 1916.1929212288735
2.0 1697.7369653884944 1930.8528000353638
3.0 1710.8814803192577 1945.893060026217
4.0 1722.1140498884154 1958.475571439483
5.0 1731.0147128798262 1971.2669596736534
6.0 1741.207110120788 1984.1876635610397
7.0 1750.111736273956 1994.9435745030287
8.0 1758.1255603137026 2003.0491369761219
9.0 1767.6934326966345 2012.2599726482397
10.0 1776.9556595957781 2022.5153390398566
11.0 1786.4155702818625 2035.3912610241055
12.0 1796.1853159354346 2052.917993977895
13.0 1810.2982673491003 2071.0159005820624
14.0 1825.4922393544437 2088.434563467957
15.0 1841.5552778204715 2105.3343890836654
16.0 1859.144958078895 2125.3790783911204
17.0 1880.420360953116 2146.2396802530284
18.0 1902.3522468174785 2167.418127634474
19.0 1921.7889433757869 2189.7847260882886
20.0 1941.8462588962775 2211.666557637389
21.0 1960.374604389155 2232.361158746573
22.0 1975.345092399151 2251.331766051139
23.0 1984.603282186946 2263.1090737637546
24.0 1989.7624028546647 2265.2584822762296
25.0 1986.9112304356797 2260.0101968173735
26.0 1975.468289764671 2246.7831518851144
27.0 1954.2656961834412 2219.0796715168426
28.0 1922.7738999602827 2177.3147785570263
29.0 1880.3439851784196 2126.1034604608476
30.0 1828.1294427836049 2066.037336516711
31.0 1769.1629317057627 1996.2545161642308
32.0 1702.1802401048146 1917.054177797113
33.0 1628.4745945585823 1832.8768135070718
34.0 1549.9683304174303 1742.0822683302542
35.0 1470.2564591452694 1650.4728788769203
36.0 1389.7506134762075 1559.399123508728
37.0 1310.6258956736538 1468.439291765931
38.0 1235.2271624356335 1380.5740940406668
39.0 1163.5621704505074 1299.284663470315
40.0 1097.395668226066 1224.4636475234608
41.0 1037.4236344337269 1156.516989107847
42.0 984.7302584091044 1096.1151177556017
43.0 938.2151017407517 1040.8531789551323
44.0 897.2853174731019 990.80494062686
45.0 859.0645656442117 947.3596172920536
46.0 822.0311526318388 910.9005543075659
47.0 791.3106608060694 879.3205120300009
48.0 767.607117048738 852.5023920834791
49.0 748.2627525374113 830.8644705983578
50.0 731.5327956553996 812.499831079717
51.0 718.7588592846125 798.408094103395
52.0 708.31451392511 786.6405570668725
53.0 700.0478389150186 777.6799517022263
54.0 694.9997747541078 772.1223365264955
55.0 694.0000133964688 770.3764465061406
56.0 694.425320828186 771.0698987329374
57.0 695.4829913512837 771.3225951171615
58.0 697.2139120340398 769.4562183254473
59.0 698.1675225249196 768.6210980574355
60.0 696.7983925328457 767.781977707253
61.0 693.0838354656053 761.383051130703
62.0 686.2695641521307 747.2398271371212
63.0 673.1453385032382 728.4278001645475
64.0 652.621108546884 706.0089851342757
65.0 627.3407023750082 678.8238849811207
66.0 599.0319997088429 646.5946705420929
67.0 566.4715211904171 612.0750043881546
68.0 533.5987025680012 577.235759038308
69.0 503.4982631303556 544.4767807903726
70.0 477.1426448342 515.1373594884096
71.0 454.22318950577204 488.14351226743196
72.0 435.21709651774177 464.59439313152825
73.0 419.9480975615995 445.4049723855746
74.0 407.74670327612176 430.94005515703077
75.0 396.89066528519675 419.00700496834753
76.0 385.8434493702306 408.5297008925085
77.0 374.342558861345 397.35252613792346
78.0 364.4211235293671 387.1778856964878
79.0 354.9246368311791 376.3004136861555
80.0 343.6359644175111 364.5798759559348
81.0 330.8808888654093 350.80856282834355
82.0 317.30177683284694 335.9868126161762
83.0 303.67457947812164 321.05765846729315
84.0 289.13478809950624 305.4756440163612
85.0 274.684392693032 290.24718276863655
86.0 261.0041911300224 275.9584763897258
87.0 248.2522816578783 262.8352939864376
88.0 236.80674981924412 250.8474376063242
89.0 226.37431355806203 239.5006204744183
90.0 216.68107516799307 228.27396507934864
91.0 207.5272511167506 216.85878033271408
92.0 198.53621845026478 206.7784435947364
93.0 190.58978377301455 198.74043459836813
94.0 182.80806073945132 191.3812497788512
95.0 175.32731408270467 183.83028295070832
96.0 168.76882302850083 177.4869039890211
97.0 163.29658403173573 172.01717368021284
98.0 158.5295411159323 167.46919274413585
99.0 153.48284741751746 163.56261247174066
100.0 148.7889891428975 160.37852011682344
101.0 144.9717089989413 157.1057734530382
102.0 141.69522779879966 153.9216407370947
103.0 138.92905700604547 150.56289121683923
104.0 136.6520496018326 147.1841883102372
105.0 134.58326288700184 144.53220604185137
106.0 131.86444788854877 142.2405576164836
107.0 128.94096306343516 139.59899712585704
108.0 126.88095444747859 137.1765714764314
109.0 125.21077931638149 134.3221299567042
110.0 123.13932125075179 131.80541895680346
111.0 120.96111769340139 129.18337766439342
112.0 118.54391590915036 127.29001638285789
113.0 116.36872650787402 125.36170240666264
114.0 113.87752407579114 123.42330747094663
115.0 111.62016583282116 121.89335172025798
116.0 109.82528442179216 120.74196168967755
117.0 107.75679076944401 118.81789163472361
118.0 105.41191994474991 116.19036053755755
119.0 103.04556486131034 113.85069967122007
120.0 101.00999847091703 111.21450191748565
121.0 99.27204760701045 108.44199068399155
122.0 97.94323311943343 106.48853771397135
123.0 96.4920139377911 104.96499616679515
124.0 94.97349102777792 103.46366177731227
125.0 93.47756152159971 101.88039910005874
126.0 92.45344522986757 100.05910643534698
127.0 90.9043746899309 98.48979696602184
128.0 89.20976722143705 97.36142398970897
129.0 87.57777833717577 95.68539290637511
130.0 85.93511921901381 93.4392815980816
131.0 84.43361614592649 91.41857214273767
132.0 83.58202680723612 89.60165970138141
133.0 82.6694090429612 87.8509846631754
134.0 81.05452542054317 86.21657282961817
135.0 79.49681302379837 85.73806048669984
136.0 78.29644092490086 85.34655827749165
137.0 77.23242059834477 84.73213250651054
138.0 76.01712871015658 83.78503629229043
139.0 74.69676241485573 82.74404016727682
140.0 73.55878358817715 81.71940734786136
141.0 72.47836059741105 80.53493572441968
142.0 71.35053788730133 79.19576187635403
143.0 70.53168327444634 77.40779470982126
144.0 69.84430613134576 75.39393837198367
145.0 69.1157821681005 73.36357035053062
146.0 68.60967656614237 71.49708671288337
147.0 67.70748857130204 69.24830594350672
148.0 66.48851889953775 67.33332239127711
149.0 65.1225645881355 65.93919898072008
150.0 64.14046302286889 64.91256384244085
151.0 62.6739105289258 63.68519325390392
152.0 60.7321219275342 62.095620068392755
153.0 59.02286189548366 60.68393483084667
154.0 57.56570660392143 58.94271174276891
155.0 56.16762123312658 57.97194936778306
156.0 55.02719972491912 57.05769964278342
157.0 54.08908622632802 55.43221024292003
158.0 52.795414664643864 53.68544128777992
159.0 50.760979912773486 51.88086549690328
160.0 49.41352882213555 50.545450926011064
161.0 48.73268629362152 48.97430827321865
162.0 48.18329040127852 47.690880945607674
163.0 47.41568959590117 46.662162916046526
164.0 46.728511627244124 46.10716027018467
165.0 46.56158527196539 45.9211176163168
166.0 45.87587140290276 45.88657994608981
167.0 45.41713772819309 45.52810962504247
168.0 45.40779123484046 45.9758031129361
169.0 45.75502272296133 47.088739639257575
170.0 46.18195434484942 47.9449779268914
171.0 46.805580436933575 48.62734528098284
172.0 47.114051922179726 49.13626306292842
173.0 47.20721278897673 49.467709731786144
174.0 47.32243449902228 49.61342023589237
175.0 47.7767370834303 50.05424204964349
176.0 48.232156032731275 51.024739356258806
177.0 48.75860664395275 51.65742857909059
178.0 49.531006270802024 52.10523709158561
179.0 49.959851948937654 51.9937667608195
180.0 50.271947841266 51.83190737913914
181.0 51.1182415145572 51.660876359380445
182.0 51.54184023511185 51.91750167289353
183.0 51.8845030789205 52.76527927322602
184.0 51.897485721069984 53.32826983329606
185.0 51.64224521635762 53.77004648257763
186.0 51.23737320605721 53.537082184538335
187.0 50.707579903406916 53.104054493558486
188.0 50.440265958993066 52.268253757548315
189.0 50.03750404619785 51.85673749158621
190.0 49.44858514889069 52.206865633648256
191.0 48.969728672081985 52.107957102459906
192.0 48.69361437258735 51.27970296995494
193.0 47.92061980464249 50.682394957769766
194.0 46.941723117181574 50.13072360337668
195.0 46.431395803026504 50.0046353940197
196.0 46.642981713533075 49.92471028649679
197.0 46.59885358836001 49.71763165713205
198.0 46.35012144466446 49.40074044489373
199.0 46.03654505781977 48.99441002373188
200.0 46.3168057060173 48.88764886507713
201.0 47.093552162907706 48.29343185849105
202.0 47.775513856190976 48.021682736005594
203.0 48.2638147665906 48.34552022238213
204.0 48.57893836777367 48.47384779256711
205.0 48.71763422370587 48.39731865733331
206.0 48.56004252355463 48.61230330111889
207.0 48.61100676084192 49.068710429286114
208.0 49.499048974846026 49.463957679876614
209.0 49.89363454350482 49.27346999476239
210.0 49.91063301445557 49.13648574216942
211.0 49.700473909531894 49.32898310678921
212.0 49.545454866331596 49.726642945533555
213.0 49.5906093052527 50.38744699367254
214.0 49.72408088316994 50.73957799498644
215.0 49.78722785950129 50.663987678092816
216.0 49.63990929156672 50.35763550150982
217.0 49.41281345497626 49.864160683417104
218.0 49.502075670018705 49.8589885359665
219.0 50.068692307417166 50.25649563557783
220.0 50.17565157702821 50.42624641833721
221.0 50.177862822804556 50.75951833980589
222.0 49.88556984579243 50.97047707725994
223.0 49.68210601829489 50.99881049286274
224.0 49.60337549296156 51.02956843853042
225.0 49.5049087739382 50.918032092617196
226.0 49.506545288896696 50.873290970724376
227.0 49.73300265866255 51.08146491159164
228.0 50.42479676375333 51.431193288133755
229.0 50.73304110880749 51.97097647319178
230.0 50.83574722342274 52.65705970668884
231.0 50.91299915465266 52.952800176252886
232.0 50.68584201677924 52.970219518396014
233.0 50.5930047911961 53.12252298191578
234.0 50.5144659979448 52.38512812762943
235.0 50.310707516230835 51.814331568545704
236.0 50.394361494053655 51.543638104353626
237.0 50.14515699773493 52.47950324460178
238.0 50.303960768864926 53.14690487408878
239.0 50.476695685533414 52.96597863265947
240.0 50.646998470693596 52.54937265920172
241.0 50.91597112983911 52.25721131179798
242.0 51.09599887874866 51.594459563587236
243.0 50.99881226438464 51.16595736086223
244.0 50.809125474894216 50.7781089981217
245.0 50.69984186968044 50.877423574826345
246.0 50.93775874457314 51.32738963870394
247.0 50.69421751221783 51.575422854448
248.0 50.01836229766589 51.492637385047345
249.0 49.73712861040294 50.347516366330964
250.0 49.730063117561585 49.6804554622076
251.0 49.7929185675112 49.206955284901696
252.0 49.15462977486275 48.95435393007686
253.0 48.35922826027965 49.01693820971617
254.0 47.95520618769699 48.65567500122072
255.0 48.06724850614788 48.495397734833894
256.0 48.50210263273564 48.21899248873504
257.0 48.59522791304705 47.758249762416476
258.0 48.080242528038646 47.41785755354847
259.0 47.160044672597834 47.16820680336445
260.0 46.47022613886837 46.66072039988314
261.0 46.343779036290755 45.78712350043297
262.0 46.071820849807665 44.83440166498696
263.0 45.83545980871252 44.47717746319829
264.0 45.3156296678907 44.21202867885113
265.0 44.413717701634944 43.79812927370949
266.0 43.626236782805236 43.5968090796161
267.0 43.45870114775391 43.3790429522294
268.0 43.59661548850692 43.263883191110885
269.0 43.63849157531854 42.79504032838741
270.0 43.599873688800045 42.693034175037525
271.0 43.85450131983715 42.699174326516356
272.0 43.7136755886422 41.73835724901682
273.0 43.276176643097536 40.619341241441454
274.0 42.46998063107518 40.29630300334356
275.0 41.66370690817245 40.65614677764662
276.0 40.847874677523926 40.1636684529741
277.0 40.164776929838176 39.51548781276846
278.0 39.739145629521985 39.02566665362539
279.0 39.47789496876411 38.38964351487105
280.0 39.22137297216529 37.90285070425557
281.0 38.63488511218169 37.8410317469673
282.0 37.81831715026369 37.40833543757023
283.0 37.06751106433155 36.741401787892585
284.0 36.31708639918542 35.796398040598945
285.0 35.68059299789257 34.65109702580652
286.0 34.860345268013916 33.4904277450924
287.0 34.16464922021723 32.757258549787764
288.0 33.64774058352531 32.195499586427886
289.0 32.72601641745289 31.668447526967192
290.0 31.85259719156975 31.330127952436847
291.0 31.33303992819248 31.081947701175647
292.0 31.042677496801353 30.597816085163146
293.0 30.936307594668516 30.053204222852663
294.0 30.84425906979496 29.29254582372889
295.0 30.635451405488016 28.50761628752142
296.0 29.83954579159911 28.053953764009613
297.0 28.894555541737187 28.1688651227547
298.0 28.24612927988596 28.425322302258998
299.0 27.758816332718478 27.939980097097973
300.0 27.27537082062866 27.507526957906094
301.0 26.700464318133797 27.181076277970092
302.0 26.103427851463127 26.989842726119264
303.0 25.89459377012504 26.66440142447209
304.0 25.695829072118197 26.30692440130482
305.0 25.68456275617766 25.75460344880645
306.0 25.28591319673509 25.140755838975466
307.0 24.770919195549634 25.23475532372632
308.0 24.40337814445903 25.23908533178006
309.0 24.125804907238088 25.11980285027235
310.0 24.033657900566944 24.764357847765442
311.0 23.655230417688124 24.407597473629043
312.0 23.492493667323153 24.25168965532482
313.0 23.255964977187638 24.301180403756756
314.0 23.105154958284352 24.17629972631099
315.0 23.033280149367794 23.92297338566781
316.0 22.828050751139404 23.725229417312022
317.0 22.52823521885182 23.232310882770197
318.0 22.089371485512 23.073517478970857
319.0 21.530525552733685 22.88456531105007
320.0 21.009639560255533 22.759684005514845
321.0 20.708193172349898 22.725869562269683
322.0 20.592503737644304 22.990312384151398
323.0 20.939454814850635 23.089500416457255
324.0 20.862290761405443 22.323049660103308
325.0 20.853762523024127 21.51480999284238
326.0 20.998322346571364 20.844645579476357
327.0 21.36988290481678 20.35752314653552
328.0 21.519055359099667 20.260991906364136
329.0 21.469061570990498 20.086927980721217
330.0 21.260796194889544 20.11783647592783
331.0 21.152271866452654 20.22832203741108
332.0 20.70969712649684 20.062313044830507
333.0 20.577193087268316 20.040928864061957
334.0 20.39430626332574 19.614193287729954
335.0 20.38094808536144 19.21842357539514
336.0 20.471457940291828 18.75093634514862
337.0 20.588828975069042 18.62789790151442
338.0 20.24846168916433 18.725811124399424
339.0 19.967855010136034 18.710133826109764
340.0 19.922943904140684 18.95528203813627
341.0 19.751031869579094 19.275860621766974
342.0 19.28490264423634 19.58844248053289
343.0 19.153399317385926 19.405383272188224
344.0 19.234783499283505 19.25759615711828
345.0 19.102491805744076 19.135899524279438
346.0 19.07325855465018 19.13320820180655
347.0 18.82712653335153 18.97875799172049
348.0 18.7541986471881 18.971230184580488
349.0 18.53113837229785 18.779334203260362
350.0 18.496895665567926 18.684646998585496
351.0 18.329026689619944 18.649843146260487
352.0 18.16323897351502 18.260758081211854
353.0 18.30487618172398 18.223162523047527
354.0 18.32515297418809 18.083505751564253
355.0 18.305254906820924 18.304893891966156
356.0 17.981830139002817 18.121883853667843
357.0 17.874666691262433 18.192342119277832
358.0 18.041506169784046 18.439405611572784
359.0 18.070973360184947 18.591604858629665
360.0 17.86569622534081 18.897284933124467
361.0 17.435781494201073 19.10382267458331
362.0 17.29394749454971 18.892984786881865
363.0 17.19809310649021 18.548011212430417
364.0 17.155460118765355 17.949635470076128
365.0 17.351167951300816 17.44359947338425
366.0 17.4937079421129 17.05051090655215
367.0 17.374367803546498 16.60833371273941
368.0 17.274487398565302 17.128026563518475
369.0 16.98161785381203 17.636120106530853
370.0 16.825013982714292 18.12877875254048
371.0 16.567793159576375 18.140832802898878
372.0 16.20720017868961 17.86804866729821
373.0 16.13074800760223 17.378475212778085
374.0 16.12807169133574 16.8586645245781
375.0 16.435230521293555 16.201873141798558
376.0 16.751649037131667 15.838468683042937
377.0 17.23653897808579 15.715929109808304
378.0 17.26560236516756 16.085182645200472
379.0 16.719574718345278 16.422435101678275
380.0 16.204888850173383 16.727804265680966
381.0 15.94474051873727 16.659388224553844
382.0 15.76940118824376 16.653745799332643
383.0 15.861474813439383 16.734124342282602
384.0 15.770302942844074 16.27884291321361
385.0 15.810028752269536 15.938673977295625
386.0 15.760088935916746 16.009388229829984
387.0 15.497954252871905 15.840163102486839
388.0 15.359883027144738 15.53505641151481
389.0 15.392966909803125 14.962205218651247
390.0 15.507895435803912 14.574117529717931
391.0 15.401620869555142 14.124202294242503
392.0 15.023044342610508 13.92983822811772
393.0 14.695606523040603 13.997574991817801
394.0 14.34358143430483 13.796242080747946
395.0 14.171587297991872 13.59065170887653
396.0 14.339799514207643 13.482911494509374
397.0 14.212825380521023 13.456140205354107
398.0 14.106806213785264 13.738121020789452
399.0 14.039670184101523 13.491019426736596
400.0 13.99488871901574 13.175440745683087
401.0 13.788233449058922 13.135601931937323
402.0 13.49171941125243 13.179370801973594
403.0 13.317492945206226 13.43049494962882
404.0 13.10361740010838 13.735706881487719
405.0 12.790063128541966 13.886073879009714
406.0 12.770318538077115 14.099116766913816
407.0 12.633721472585597 14.29508104696567
408.0 12.743620113150461 14.620997240389451
409.0 13.059305425866695 14.592514301871734
410.0 13.393019978526587 14.840396538304418
411.0 13.585154663148327 14.937614420464028
412.0 13.830948256153636 14.934227180832847
413.0 14.05018741813771 15.102998858964996
414.0 13.680179446170863 14.95525298994273
415.0 13.39596283126764 15.128400139129392
416.0 13.323508046971138 15.495048898053566
417.0 13.13594989731246 15.457846416246653
418.0 13.208270848837614 15.271878745484829
419.0 13.395401889273804 15.047290076521135
420.0 13.30463614892298 14.586865188800077
421.0 13.173403317677069 14.103185933582072
422.0 12.895187808638402 13.692870430402948
423.0 12.78559579028415 13.809096421982865
424.0 13.003118506320885 13.928619133301353
425.0 13.019525559170852 13.854189483120038
426.0 12.995000925528021 13.41539395842869
427.0 12.757050796280646 13.078883322489466
428.0 12.29363483427265 13.278279422009675
429.0 11.98889874993658 13.36133248889874
430.0 12.130613384175911 13.628577258445954
431.0 12.525253548213009 13.581928009968403
432.0 12.59064919590101 13.03588987967375
433.0 12.585721915118357 12.505597676246662
434.0 12.521678105010395 12.17415378111136
435.0 12.500753388686324 12.250343530286909
436.0 12.406388699177029 12.41128137186567
437.0 12.506849978138206 12.380234294163964
438.0 12.590093862517191 12.189459459017323
439.0 12.553568923944473 11.697265212355784
440.0 12.525000671362461 11.770452159179689
441.0 12.582465214213567 11.89507295154199
442.0 12.50777349459567 11.978622551163264
443.0 12.574912519660352 12.421319954944916
444.0 12.709439416395398 12.418247316069058
445.0 12.575043638476243 12.20757932838445
446.0 12.306067738565472 12.155124129169614
447.0 11.96915982023974 12.267100279661973
448.0 11.526750241184951 12.30823982279779
449.0 11.041801739285276 12.215966879634252
450.0 10.728137563013137 12.101415340351194
451.0 10.705181488880958 11.852637601095285
452.0 10.820093499350358 11.770626537843967
453.0 11.105369533819589 12.215799930521136
454.0 11.483841271547869 12.559998890495407
455.0 11.773989778824424 12.890785472055976
456.0 11.883084278110609 12.767158262637
457.0 11.93267462505179 13.03158423657425
458.0 12.076097874126662 13.271770975602486
459.0 11.964952104747136 13.440050408761818
460.0 11.684279842776432 13.472096932959388
461.0 11.55901469304329 13.574236244449608
462.0 11.263340318002024 13.748056600295367
463.0 11.167678805921216 14.095722108475618
464.0 10.851558178109206 14.02049647409925
465.0 10.511205434783754 14.030064523438215
466.0 10.39603470537531 14.228942538848274
467.0 10.252374640607433 14.135748136184255
468.0 10.30130732183932 14.0594132725792
469.0 10.443546832222559 13.739515937997416
470.0 10.549673847068146 13.375403913177482
471.0 10.413867333925477 13.183545573084553
472.0 10.256836526413746 13.21914164349376
473.0 10.25461187416918 13.311717766211931
474.0 10.452588587993775 12.93727493128356
475.0 10.768396267605615 12.66498178147166
476.0 11.067159837693866 12.38617559987538
477.0 11.053580886735425 12.123423884978614
478.0 10.906042847447983 12.067141048129448
479.0 10.968138960931876 11.862180145074243
480.0 10.899048606934564 11.462761572364188
481.0 10.861582780339935 10.776917405883356
482.0 10.810777101877811 10.192535534735777
483.0 10.65433475186342 10.185374031626383
484.0 10.421071093692131 10.221893556265348
485.0 10.345839122525751 10.310667382383219
486.0 10.208502666331905 10.3003804246711
487.0 10.093627719881418 10.00864027944535
488.0 10.066450107146492 9.807882619471028
489.0 10.100400063139055 9.368753110740895
490.0 10.245109805663217 9.162579546987011
491.0 10.651075087669044 9.268606543335856
492.0 10.933297841585336 9.45082491858314
493.0 10.875547977713918 9.524896626950886
494.0 10.634975886523609 9.529467598313605
495.0 10.527774417838737 9.590997173358593
496.0 10.615163007452255 9.866019408177674
497.0 10.626714843149328 10.262081852232063
498.0 10.641645355824432 10.706143686513524
499.0 10.970764487305912 10.52236081648094
500.0 11.056614038669577 10.485534042271285
