ns "trace A [ADC]" "trace B [ADC]"
-500.0 0.034489593135913765 -0.40845678051079903
-499.0 -0.17603448907544472 -0.298718594116271
-498.0 -0.2291048428180986 -0.21879410755631556
-497.0 -0.12070561574460682 -0.2594211714993482
-496.0 -0.10921746518801762 -0.1712675899951621
-495.0 -0.12343619655929024 -0.10772579791820772
-494.0 -0.08517113970696323 -0.007740394980339844
-493.0 -0.18785004530580568 -0.016116903468898203
-492.0 -0.14935200119724137 -0.02450426544851671
-491.0 0.014107171188130836 0.14805393360139404
-490.0 0.07312234379513438 0.12968126957512413
-489.0 -0.03178884789926911 0.06827662392845792
-488.0 -0.12068850738202554 0.023754510388993174
-487.0 -0.2280499414898115 0.12734963277110778
-486.0 -0.00990206535530847 0.19144529986424447
-485.0 0.2142609115633463 0.08217256590078886
-484.0 0.3265627936958849 0.05826726472048742
-483.0 0.02290335127724003 0.08196642536367134
-482.0 -0.16635087677594368 0.20948963966345002
-481.0 -0.049189940322040174 0.15084558191213118
-480.0 0.021992976648376954 0.15338289748497028
-479.0 0.06446495492060673 0.33443863487847125
-478.0 0.055542767379007006 0.20697419852128204
-477.0 -0.029666874059226522 0.07799002177943894
-476.0 -0.10355957501339823 0.17418464955964416
-475.0 -0.10594951470869228 0.13952210093226586
-474.0 0.15435630407907205 0.204611541748616
-473.0 0.20564204120662088 0.1529525173527696
-472.0 0.017726437101459793 0.03202341489539666
-471.0 -0.04223189812544254 0.05529457470929319
-470.0 -0.04975194379085542 -0.07910794978034846
-469.0 0.0682825280377864 0.052402321088143605
-468.0 0.1795820477550488 0.2288305520529607
-467.0 0.11347466723844879 0.15300157439223083
-466.0 0.0603106195529737 0.024436955428168445
-465.0 -0.07755248020982936 -0.07186108309786232
-464.0 -0.112169678540005 0.039215858684274775
-463.0 0.038967103739780275 0.09580031109739627
-462.0 0.17891304089606183 0.07471296412825894
-461.0 0.18279463394311496 0.1257279064084445
-460.0 -0.04789792254145823 0.04376580324834049
-459.0 -0.12046704420045815 -0.05630710548817464
-458.0 -0.16814648861023143 -0.20136965717504635
-457.0 -0.008635261700798114 0.03686508565560055
-456.0 0.11253594596835217 0.08890656604893575
-455.0 0.08153105502441076 -0.13994387633850147
-454.0 0.06267636930420316 -0.09932497711306362
-453.0 0.01193524437333007 -0.17657940942232542
-452.0 0.01784736979335917 -0.22552582877775004
-451.0 0.10187435164146509 -0.16038862109324686
-450.0 0.048090865838101765 -0.1315141565631102
-449.0 0.07738953187925408 -0.022170840433625723
-448.0 0.10252032104581502 -0.08851314843396119
-447.0 0.045586813571826916 -0.19247035842479254
-446.0 0.1323076444930795 0.006691825216163016
-445.0 0.2179129176061765 0.10292562806627666
-444.0 0.30297184262663235 0.09190363107673902
-443.0 0.24029853684402688 0.12367398523214332
-442.0 0.14059258071414565 -0.02633042427406925
-441.0 0.18521402631394923 0.007203995952666232
-440.0 0.22014674491484085 0.09674280983914924
-439.0 0.2869888501038477 0.16961863917294956
-438.0 0.28078772494047183 0.37302112981239155
-437.0 0.1803622889328913 0.2318203719741066
-436.0 0.10639857518232779 0.1885376680982864
-435.0 0.01548159135475771 0.10282514448895654
-434.0 0.04950650471752645 0.27162278245654725
-433.0 0.17511811536105726 0.27499910624067814
-432.0 0.2483341131601474 0.2394527091070876
-431.0 0.13960864737654818 0.21966958651818402
-430.0 -0.05598503072199628 0.1789222851045006
-429.0 -0.09211972228766621 0.17420855173789157
-428.0 -0.0893057821840407 0.0355408660077124
-427.0 -0.09103394946259312 -0.01736680070570022
-426.0 0.1546051986537688 -0.0893701236050592
-425.0 0.033105626151599156 -0.28306167636813645
-424.0 -0.014574931095494941 -0.19734855490233927
-423.0 -0.11021194473968451 -0.13220180371757753
-422.0 -0.18426028946380343 -0.1499996943571273
-421.0 -0.05671074298508566 -0.19596669816623485
-420.0 -0.17880264038267296 -0.16074398510669288
-419.0 -0.18891990626835148 -0.12622654074957995
-418.0 -0.24673249857372245 -0.2378269986042887
-417.0 -0.36660006758295455 -0.34750935300825675
-416.0 -0.2906686459610016 -0.1269346662023237
-415.0 -0.24470288451499755 -0.06747265502381651
-414.0 -0.14315132833831684 -0.012914939676174441
-413.0 -0.20652066645337722 -0.06387253594215907
-412.0 -0.3728892128606395 -0.09925243560537506
-411.0 -0.31112614220589246 0.057215405598461624
-410.0 -0.265506232114923 -0.04109215170269181
-409.0 -0.1753560303580782 0.05230481739163929
-408.0 -0.12549042119811749 0.18242187797002105
-407.0 -0.15163132458557482 0.14067209406102577
-406.0 -0.08927130819097036 0.1324419802994974
-405.0 -0.08603831025821955 0.14517293530438746
-404.0 0.02379488200988752 0.2275215983333515
-403.0 0.17856679575358772 0.2261488405187657
-402.0 0.28794164171151265 0.17415883336415708
-401.0 0.19824819096936153 0.20659275006409
-400.0 -0.003186562972965021 0.19297955817479942
-399.0 0.09040037029170682 0.26636981153135286
-398.0 0.20747838095676746 0.37793209471536526
-397.0 0.11990637076721083 0.3965080523541066
-396.0 0.2526921697397067 0.33413779632657364
-395.0 0.2434521986218101 0.11128697548956097
-394.0 0.148383343317865 0.28818278941731373
-393.0 0.14453033959556985 0.30138726947147315
-392.0 0.24750622235177328 0.3797224565816273
-391.0 0.4212783529402154 0.20323230544958903
-390.0 0.24503436223617656 0.15177935408467147
-389.0 0.17712220874500248 0.284125512288905
-388.0 0.2492520880090878 0.2239425524913632
-387.0 0.3711830636547343 0.18499307721791375
-386.0 0.4314983386900147 0.2527001876597043
-385.0 0.3678263481405961 0.1771393806024671
-384.0 0.39844464576874666 0.24587354105089723
-383.0 0.3460186342453167 0.10110850176123627
-382.0 0.26713561706247746 0.11475203568326951
-381.0 0.48830368205695873 0.15371711410377012
-380.0 0.3420941999714637 -0.03233788715624996
-379.0 0.18789127706362524 -0.14793081537047567
-378.0 0.060829298011788845 0.004601074804119683
-377.0 0.02460436649609365 -0.09158436425464629
-376.0 -0.04722322789002891 -0.12169857790727569
-375.0 0.0009123660002883299 -0.1269036260000039
-374.0 0.07841902487613153 -0.05087357163459694
-373.0 -0.02153587171135681 -0.2632743030873141
-372.0 -0.25297264077540127 -0.46876958613483205
-371.0 -0.3166351496401717 -0.4314905154272987
-370.0 -0.23459889239873838 -0.33268449262694505
-369.0 -0.06886380289645268 -0.23105521547728164
-368.0 0.0245853597340164 -0.19692155470801115
-367.0 -0.05635344134844588 -0.17377589145170785
-366.0 -0.08115536839640802 -0.2820945440535685
-365.0 -0.09571555550248695 -0.2642211599140619
-364.0 0.2108761703245856 -0.1286319425013168
-363.0 0.21431901870519998 -0.026324635696534992
-362.0 0.03716634612515232 0.10754266723090977
-361.0 0.14172268961555576 -0.012635272616027458
-360.0 0.10808472469704475 -0.08124959041290732
-359.0 0.03114129608307169 0.15326476712893758
-358.0 0.09711761854577246 0.17133732157001347
-357.0 0.1452152258425069 0.10362406135059828
-356.0 0.04580457963879936 0.12831361933651333
-355.0 -0.11194992845616752 0.12910068121696078
-354.0 -0.07447095846562977 0.2858789643497829
-353.0 0.011576655556388663 0.22343603812483337
-352.0 -0.1774325239814478 0.2753650987476619
-351.0 -0.14286420512406126 0.328955015644377
-350.0 -0.22170892366191355 0.12723503421824262
-349.0 -0.15309563021139003 0.20006603684777935
-348.0 -0.20020896805007457 0.32833140820675044
-347.0 -0.09410359174011494 0.2655619647037803
-346.0 0.03377164500843397 0.2748713479343958
-345.0 -0.10927857877387533 0.12256941982077388
-344.0 -0.10148612455052301 0.18661820154322029
-343.0 -0.043897963206831876 0.15714670897381564
-342.0 -0.09171941541036457 0.11358985118752875
-341.0 -0.048745328210650356 0.1494366260351131
-340.0 0.010192026465047547 0.16187435413676848
-339.0 0.06812218584099221 0.07772050677767668
-338.0 -0.014684906277166263 0.04944971790991089
-337.0 -0.20998492193567306 0.03677275684989116
-336.0 -0.14170452481281343 -0.03913913785322386
-335.0 -0.08873015038460244 -0.20711529926695676
-334.0 -0.13848975328230395 -0.016989833217121574
-333.0 -0.08960999931721117 -0.038191463365843954
-332.0 -0.007206809317688273 -0.13899381076758302
-331.0 0.026200989349651076 -0.23858778959773064
-330.0 -0.12357317982713675 -0.31866114178982846
-329.0 -0.0693085571428596 -0.02383843093224147
-328.0 0.017348167605499214 -0.05723765233063761
-327.0 0.06805753657214705 -0.0650299520802701
-326.0 0.19852490986850357 -0.11207879273949826
-325.0 0.14785966578317356 -0.10043415228742106
-324.0 0.31491813447055045 -0.05458430812846796
-323.0 0.3495140857905606 -0.06620759728631402
-322.0 0.22782882199768123 0.03267855977269767
-321.0 0.3963718238817985 0.089610624162176
-320.0 0.3065010959684955 -0.05403929585523019
-319.0 0.4006667397390864 -0.10073713402130684
-318.0 0.4377549383542261 -0.07254476149506091
-317.0 0.4380446160370942 -0.08268869555575241
-316.0 0.39117404261759825 0.07879009784568163
-315.0 0.22588589525018368 0.04319863821698072
-314.0 0.3238320419415121 0.046536889121213926
-313.0 0.44132478136955117 0.06810357845415554
-312.0 0.367298502264712 -0.05323075555655692
-311.0 0.35095421774414054 -0.025568755397103238
-310.0 0.1698653384882132 0.068880727494844
-309.0 0.16730720076335023 0.051607622419913055
-308.0 0.09717890059341346 -0.027697720296618548
-307.0 0.22433349784464687 0.10639752515880213
-306.0 0.35330953576304547 0.17294399651160178
-305.0 0.24162195633144484 -0.05651180484040105
-304.0 0.11345076893799022 0.0569504439351016
-303.0 -0.07940250592818611 0.2761367138282903
-302.0 -0.003448189566669568 0.20664395671715444
-301.0 0.14432868487076386 0.193959543347101
-300.0 0.04611830325400706 0.18569798965625067
-299.0 -0.10737875934268337 0.19778780048066827
-298.0 -0.29105706586427516 0.13897392127963085
-297.0 -0.4057242314816168 0.1433924835037772
-296.0 -0.2853395341265841 0.08372493171600921
-295.0 -0.25130963631888836 0.12103554969718516
-294.0 -0.13959629703474447 0.23245839394579354
-293.0 -0.2217547483619546 0.09462397752001252
-292.0 -0.38839693059462105 0.05911476896134976
-291.0 -0.46428664818962645 0.15391957322074282
-290.0 -0.328858714982583 0.10961332286639208
-289.0 -0.322981703673886 0.12377056554161651
-288.0 -0.34093986729768927 0.18360134244343335
-287.0 -0.3326013245710007 0.1371673383769098
-286.0 -0.3027792349498494 0.03437414879576955
-285.0 -0.17868633244987678 -0.03745580089370651
-284.0 -0.09836382646656815 0.08899775286305656
-283.0 0.0038077581602546052 -0.0577328845940023
-282.0 -0.020904579327029587 -0.0347913725141859
-281.0 -0.15381750329744046 -0.014227320739116254
-280.0 -0.13694896334960457 -0.0016624570543253866
-279.0 0.07102776118276997 0.10450902077168406
-278.0 0.1529543831579259 0.0008194942823187419
-277.0 0.17239475693000608 0.07505728459635096
-276.0 0.18214646937996065 0.050990103745674246
-275.0 0.0202638639595466 -0.04146179260941153
-274.0 0.08259437557622921 0.0803282443030255
-273.0 0.09543864452210157 0.07826667298211674
-272.0 0.24164504967692127 0.1345396890347924
-271.0 0.4552696299832712 0.15801376102868633
-270.0 0.3075856741273824 0.0349770860375238
-269.0 0.2714741222509639 0.057729891618811036
-268.0 0.37209275049008916 0.08874265088623928
-267.0 0.4776756446494651 0.18482660582174237
-266.0 0.5843015943543161 0.384258461243192
-265.0 0.5419782414835868 0.3327024241938298
-264.0 0.6326140888445299 0.31539705503539756
-263.0 0.5220033436832012 0.17325806496147841
-262.0 0.32113818587487847 0.3288367168457582
-261.0 0.4633012200817629 0.5565025016154727
-260.0 0.44744808980842254 0.5292822912014772
-259.0 0.4424956322443017 0.39974665392867015
-258.0 0.40012337650485497 0.32619758643507246
-257.0 0.17549369568924192 0.22853088270507707
-256.0 0.029650863451463134 0.18124989049155105
-255.0 -0.024075443737739535 0.047060584708010535
-254.0 0.19734406556163367 0.26736548266931615
-253.0 0.17347240913870518 0.06193597687112464
-252.0 0.16435377688390332 -0.043333341278626356
-251.0 0.19681079768716495 -0.04552723059599088
-250.0 0.1186271536479403 -0.13475280886113342
-249.0 0.11942306035081175 0.05552659334026812
-248.0 0.0747227139879241 0.09065507934420439
-247.0 0.0027052490696708275 0.1744188203480136
-246.0 0.2301032708540256 0.10473946220246562
-245.0 0.18737352894970583 -0.18929120688532294
-244.0 0.03602424729401142 -0.02766270903555726
-243.0 -0.06830980146472092 0.009754690261765623
-242.0 -0.05664808516718438 0.07792971486868755
-241.0 0.13161612765976352 0.06733064823393778
-240.0 0.1003986888604054 -0.018032350750222578
-239.0 0.028380430781217464 0.008184155721774587
-238.0 0.012294052233289865 0.03726738741042621
-237.0 0.15030917384246031 0.062224513233358245
-236.0 0.1649988549137536 0.241996628524926
-235.0 0.1541633525600996 0.20591230988518056
-234.0 0.0985965473485402 0.27463747665341787
-233.0 -0.017039096911101198 0.2201391991704044
-232.0 -0.035155823175650865 0.2563670296319801
-231.0 0.021564938779284924 0.2989186314270348
-230.0 0.04841963548794638 0.21674904003417306
-229.0 0.28681276241743986 0.3715353596370769
-228.0 0.13259734597878306 0.36678004177996015
-227.0 -0.06613920393749236 0.3586395372362269
-226.0 0.05331704599690179 0.350881013374221
-225.0 -0.014890352427966264 0.48594510655015893
-224.0 0.09084723673713063 0.6174938907952501
-223.0 0.17135241216274347 0.5233240283677453
-222.0 0.10217329082011621 0.5306326338292784
-221.0 0.0900920818496894 0.47001852907035313
-220.0 -0.03502518939407992 0.48527119792050055
-219.0 0.002424463546653477 0.6821626568021181
-218.0 0.19488467886574126 0.5635439064261895
-217.0 0.01972122493867542 0.464105639753972
-216.0 0.0732806489488448 0.3563765033773539
-215.0 0.01938895531402568 0.34498239427008504
-214.0 0.020561467770317223 0.4972301270324892
-213.0 0.20563630153260226 0.6566226190077592
-212.0 0.15331699553792624 0.6136079105203661
-211.0 0.17659619522616757 0.45028197624515587
-210.0 0.03423581272182537 0.28024451881522966
-209.0 -0.002631158847537451 0.323877425592309
-208.0 0.024483303868408683 0.37692891730751543
-207.0 0.07372548132479925 0.28848795270911515
-206.0 0.2837026476499848 0.2896443151341386
-205.0 0.30728111794767804 0.13168468201260383
-204.0 0.1514787691973197 0.010921105619285474
-203.0 -0.0005596472833897792 -0.11749925316070621
-202.0 0.08688871318264771 0.019922047329855416
-201.0 0.35413736954825487 0.13092682834446145
-200.0 0.44482518946244864 0.09515855275459308
-199.0 0.379875018411472 -0.0030925781260493675
-198.0 0.17944999468934736 -0.07620527554422897
-197.0 0.07673686009352576 -0.049680095867127426
-196.0 0.12249287624501645 0.062069767387576344
-195.0 0.19893160501698048 0.04403339459401741
-194.0 0.44986190105960605 0.06681272527041564
-193.0 0.4489710677491782 -0.057860605408375156
-192.0 0.3834733510971001 -0.08488673907504576
-191.0 0.28042205806840664 -0.05093772915968018
-190.0 0.36934011098302333 0.06377615142431296
-189.0 0.4546690358171227 0.1987466437710024
-188.0 0.3588482925965209 0.11707718535734289
-187.0 0.1870376305668839 0.008101339056859232
-186.0 0.2661074971303277 -0.0677447410053648
-185.0 0.2471337866639592 -0.009226647460968707
-184.0 0.29148198094074507 0.2568375867117299
-183.0 0.3218954111342018 0.33852786983222327
-182.0 0.34784510404343516 0.2710115948535838
-181.0 0.26278131789421205 0.13818101869593802
-180.0 0.2444075469469467 0.0665075103828085
-179.0 0.23874466016717963 0.22616321726979055
-178.0 0.17610568002216068 0.4058896198619844
-177.0 0.15780022676978742 0.5615395336460656
-176.0 0.319260110688767 0.5971471874966275
-175.0 0.14391365985656057 0.6042064265060572
-174.0 0.014625476898391663 0.6137246468696371
-173.0 0.07067939997485856 0.5975783849349403
-172.0 0.03849159484240116 0.7427884998308828
-171.0 0.10695639570657994 0.7489516727220897
-170.0 0.14881946780444605 0.4962145918134875
-169.0 0.1728084762353441 0.3191766334305734
-168.0 0.17471463438794485 0.37291206696824913
-167.0 0.1903019441456407 0.45167780052624146
-166.0 0.24044130537952185 0.5358908648767484
-165.0 0.18566129903677983 0.5518908024095681
-164.0 0.12713111155271078 0.5500188587060818
-163.0 0.022359784076856605 0.4951979820049528
-162.0 -0.03766013424252257 0.5228946962365636
-161.0 0.10884190336858059 0.7481460799829084
-160.0 0.18773736160329327 0.7621310043177028
-159.0 0.3479391259030487 0.6572726774453692
-158.0 0.48634392637647567 0.4547625954350325
-157.0 0.44185016731963767 0.5005799732980533
-156.0 0.5033464397026334 0.524219143960827
-155.0 0.4249007439976781 0.7213967435495097
-154.0 0.36964848566725156 1.049650652324419
-153.0 0.4432990825548637 1.1407912138211942
-152.0 0.48952838136209065 0.9439407945188499
-151.0 0.5233089104735166 0.6724956553953221
-150.0 0.5066533871729557 0.5516911420140923
-149.0 0.7074495344408956 0.7659493109419234
-148.0 0.6345943017369186 0.7950731112693008
-147.0 0.6284737401791783 0.6689413103167364
-146.0 0.742710616898198 0.569616910117764
-145.0 0.8044036586971419 0.44243184576990735
-144.0 1.0258517104516196 0.5212460278609284
-143.0 1.1338895632450627 0.6340833579403914
-142.0 1.0975610454661942 0.8286572676849837
-141.0 1.2100397504179614 0.945609595444378
-140.0 1.276905660121782 0.9236149399546657
-139.0 1.477668734614934 1.049921618698506
-138.0 1.5675486735787059 1.1147927849644488
-137.0 1.5618363586756745 1.1403256977008756
-136.0 1.615721952642006 1.021013961429665
-135.0 1.592257769836339 0.9625521900303529
-134.0 1.627874550975741 1.293958611638192
-133.0 1.6997075066385123 1.3691680104215107
-132.0 1.7767565855790282 1.5421892819050043
-131.0 1.839571806062051 1.787094391232355
-130.0 1.745942140412772 2.132151742614932
-129.0 2.1718886253059133 2.7266870260529785
-128.0 3.045908709154803 3.624224957566524
-127.0 4.345287421480939 4.954288810447125
-126.0 5.435435384803023 5.822202265281258
-125.0 6.370578892582869 6.190502512128367
-124.0 7.01613937214407 6.617122662933091
-123.0 7.1847851263509765 6.481752407168887
-122.0 7.196238802744637 6.11767365083057
-121.0 6.941475834182729 6.057262707481367
-120.0 6.369481504632468 6.030560261368417
-119.0 5.816778112388333 5.749963901603303
-118.0 5.350009345828164 5.489548545526456
-117.0 4.930296315863984 5.498031539086621
-116.0 4.958149191601842 5.822940670237842
-115.0 5.0293231072560465 5.950850088186953
-114.0 5.022606174481257 5.961762313559698
-113.0 4.865299934802566 5.695968723843436
-112.0 4.853619641573171 5.626624564569953
-111.0 5.271523956082775 5.672049526284459
-110.0 5.423912485310124 5.681723762106864
-109.0 5.405176387704512 6.0226042515134415
-108.0 5.343792927921719 6.564551145851645
-107.0 5.244445959158785 7.194006411491295
-106.0 5.320451572663543 7.560174975576877
-105.0 5.45795683139593 7.825040208101689
-104.0 6.271741924216138 8.112217686440706
-103.0 7.317851223651618 8.690378550160027
-102.0 8.816500334038789 9.522341844278111
-101.0 11.280193555813844 11.678151856160824
-100.0 15.288122250444344 15.512469152028464
-99.0 20.774129062558735 21.767494031041547
-98.0 27.792935528433485 30.578407324322935
-97.0 37.28968788717245 42.607960702691486
-96.0 49.8107134059382 57.55451930311704
-95.0 63.807671547313646 74.09955761388498
-94.0 78.62124242179436 92.59528931750317
-93.0 95.23494693165449 112.14264576261476
-92.0 113.83214027869224 131.6213537442525
-91.0 133.17717351091028 151.06621914160093
-90.0 150.9604300268377 170.24881151992108
-89.0 165.4983119557636 187.60103442392452
-88.0 176.18702104181918 200.47107037801513
-87.0 183.84694847782416 208.98024976543823
-86.0 189.35807617559794 215.25206387932081
-85.0 193.76830473413514 219.9829341949928
-84.0 198.52937489565787 225.35329546981419
-83.0 204.92322083213682 233.35568131490848
-82.0 215.91831487719716 246.0143051507072
-81.0 233.5570966285341 264.27767229296853
-80.0 259.08286137776076 290.1397399026584
-79.0 291.72590459612803 325.43688035935185
-78.0 331.0703939980734 370.5102116087769
-77.0 376.8926970440771 424.77853502696615
-76.0 428.336886432051 485.26826019792213
-75.0 482.82429477262815 550.044169617968
-74.0 539.0054866533692 615.9929611636519
-73.0 595.3177105784278 681.5339983730755
-72.0 647.9764260105135 741.817124158442
-71.0 693.5755982339751 794.3176420802439
-70.0 730.8844231659194 836.8684447492947
-69.0 758.3719671160519 868.8812975507464
-68.0 775.8666922529848 890.3434818095992
-67.0 783.8673850831365 900.0840599963224
-66.0 786.8153629470493 899.8675026717784
-65.0 783.4342553267393 891.4676969076052
-64.0 774.1576888457581 881.0652189896206
-63.0 763.2245552557491 870.6493850625451
-62.0 753.8472987999274 857.5438796890246
-61.0 744.4927629643518 841.946984470781
-60.0 735.3782178415968 831.1806651339689
-59.0 729.1683393734733 826.2639162210596
-58.0 725.4540067970177 825.367556173787
-57.0 725.3643245067826 826.4264175065215
-56.0 732.2666658799586 833.6571408369027
-55.0 745.111661172186 848.11394849053
-54.0 761.5040351589903 867.7637379542889
-53.0 779.6827485387424 891.607702056197
-52.0 803.4853776665964 922.8496079716142
-51.0 833.3540261949439 959.3530107829025
-50.0 869.7132218660428 1000.8395429968858
-49.0 911.7289369547185 1048.2467713432643
-48.0 956.370758378 1098.9332449800313
-47.0 1002.8364288050699 1153.265733791505
-46.0 1053.8353459870234 1212.4588354290222
-45.0 1109.6539675101003 1276.6117670192023
-44.0 1169.5570247432888 1346.6438008470934
-43.0 1232.518071610927 1420.3544211397727
-42.0 1296.546783188564 1495.8031622039332
-41.0 1359.5224564458656 1570.7132242811886
-40.0 1421.2740019200187 1644.7447837357852
-39.0 1483.7652114311811 1717.231410259747
-38.0 1544.127647705534 1786.2405883179258
-37.0 1598.2971130645901 1846.8463384989489
-36.0 1644.4347428831866 1900.6363019631326
-35.0 1681.8202024921388 1947.7182551969704
-34.0 1710.9269415455062 1983.109438407623
-33.0 1732.1499444962897 2006.2535640007918
-32.0 1744.5056949828836 2017.4093204621786
-31.0 1744.7081196827328 2018.2924578713078
-30.0 1735.4258998739058 2008.7926823844166
-29.0 1722.1370127780356 1992.8128434205532
-28.0 1707.6234413713682 1974.158282945853
-27.0 1689.5867832529168 1954.6192416330562
-26.0 1670.6895796562865 1934.5579724022168
-25.0 1655.107967359314 1913.923941716669
-24.0 1640.0251642150374 1893.352016151262
-23.0 1622.594722206608 1872.5997163027441
-22.0 1605.1785765163654 1851.867673395588
-21.0 1589.748164391598 1830.2395369290437
-20.0 1576.841740700589 1811.2298215553712
-19.0 1565.1563532347022 1794.4841415769283
-18.0 1554.4334632951688 1781.8657407502587
-17.0 1544.6233491056853 1771.9074047347747
-16.0 1537.5225675522204 1763.4735582655783
-15.0 1534.6302702047228 1756.3878380996382
-14.0 1533.1465555877587 1754.1164425652662
-13.0 1531.657230734037 1751.540579301744
-12.0 1530.1823028414556 1748.9072231102627
-11.0 1528.7186291269857 1748.2668264553186
-10.0 1527.2169732857492 1749.1038744560778
-9.0 1526.4299888161286 1747.752559925296
-8.0 1528.8712012190183 1748.2091748136916
-7.0 1534.6009223859173 1752.876513451742
-6.0 1542.1115130765852 1762.75805337435
-5.0 1551.4126938382378 1771.4290020436106
-4.0 1561.8494819917644 1780.9570844393793
-3.0 1574.6628342776796 1791.6413673804489
-2.0 1586.0841116172608 1805.0920588104327
-1.0 1596.0698564811514 1819.6588924631692
0.0 1605.3148920792069 1835.6513909430284
1.0 1617.3253583910462 1851.5922843797448
2.0 1628.504243702368 1866.6392036580303
3.0 1639.5643445285348 1880.5555359076666
4.0 1652.539534360806 1892.3196394715933
5.0 1665.850772840296 1902.2081369929708
6.0 1676.7081136604827 1913.6758547526754
7.0 1686.6984803122205 1925.7017758794866
8.0 1698.4807277922366 1939.7802501144904
9.0 1709.079684234773 1952.4585435946672
10.0 1716.8112110934403 1962.488686292479
11.0 1725.8496847696433 1968.5192218728496
12.0 1737.2335928585644 1974.8560573707261
13.0 1748.1062600105647 1984.7367165208052
14.0 1757.7033922497756 1998.882919125529
15.0 1770.4080953316895 2014.578079845079
16.0 1787.3670754022862 2033.3188092593286
17.0 1803.163024958742 2055.732697566603
18.0 1818.7347613674597 2078.490981544963
19.0 1838.119068344417 2101.053821653007
20.0 1860.556477954226 2126.989587110685
21.0 1884.7597836589798 2153.124035241012
22.0 1909.3871940988784 2177.605164966764
23.0 1931.6002850239552 2201.6727839463083
24.0 1950.4077725525585 2224.069817971119
25.0 1966.6488751911859 2239.4719733819607
26.0 1979.624848023243 2246.204546740808
27.0 1988.2223240975693 2249.2652770821455
28.0 1990.3031744368047 2248.94731488027
29.0 1983.2962062975344 2241.2284029863745
30.0 1965.368877722007 2224.2080660899574
31.0 1940.0808471404507 2197.1768095790458
32.0 1905.4310780889941 2158.0756208692524
33.0 1860.626868352844 2106.5953570729203
34.0 1804.0882108159578 2043.2174339149244
35.0 1739.053784567051 1967.107285631656
36.0 1666.1729796509464 1882.3138973212306
37.0 1588.3135576784593 1791.0539125295388
38.0 1507.4134686970222 1696.1251765246075
39.0 1425.36459566873 1602.3034359796952
40.0 1340.8973474970242 1507.3945516893302
41.0 1258.4091010873772 1412.201634738035
42.0 1181.080400635318 1320.3931837258344
43.0 1109.7779250562364 1236.7715924577344
44.0 1041.2216812904142 1159.4504171825229
45.0 978.3631102236785 1088.3370500006579
46.0 922.2862049363283 1024.1329724200325
47.0 873.1615672859631 969.6447993267125
48.0 830.0653949697539 922.7299986737281
49.0 793.0799749547085 882.0956865775489
50.0 760.4378990597962 845.9686760095457
51.0 732.445598725017 815.2338924930602
52.0 709.3988320079001 789.1011574318377
53.0 691.731960488473 768.3840549708414
54.0 678.1360764264941 751.0642098593222
55.0 668.2947566326231 737.1462064664581
56.0 661.3667544324935 727.8763115363738
57.0 657.8713825398222 724.307332549086
58.0 656.2096247135967 722.2222531196709
59.0 655.3468175133145 720.4038091771806
60.0 653.6968721996574 717.1021715926271
61.0 650.5186383676498 713.1680743707419
62.0 645.7658375638333 707.8852636265333
63.0 640.0970196772281 700.3100857284933
64.0 632.244272269799 689.8879683429873
65.0 619.396925031028 675.4389354879643
66.0 601.1549539837271 654.7698739391165
67.0 577.8358455136938 627.4989240404761
68.0 550.6161889982465 595.6997706198023
69.0 521.7644089826713 562.4711423905924
70.0 492.5019161364798 531.1857795656838
71.0 464.8593256447053 502.4169365474542
72.0 440.3586758228941 475.4990184799876
73.0 418.2883136409437 451.2656147235991
74.0 398.70366033141175 431.76118661777645
75.0 382.23136647436434 415.6914793245398
76.0 369.4088754465318 401.2869061846855
77.0 357.8316423347044 386.96796313263525
78.0 347.4981152038747 375.2786006883568
79.0 337.1275680105195 364.87222632721864
80.0 325.57021905530996 352.99277094683805
81.0 313.1476474271676 339.3043800082314
82.0 300.3423773305729 325.80248258844824
83.0 287.2681799864783 313.1496548591685
84.0 274.59755810984194 299.22663868818415
85.0 261.86704595918883 284.02353318839135
86.0 248.85766585298316 268.89744657737566
87.0 235.9273318084893 254.88521958254736
88.0 224.4793364204301 241.85746654001585
89.0 213.6542323820319 230.6709600257738
90.0 204.70095163725938 221.4325086397293
91.0 196.9842163956331 212.69237016930808
92.0 190.04983858365114 204.17653781441447
93.0 183.65176212292943 196.53290039053834
94.0 178.527383353518 189.67328599046033
95.0 173.34166345023434 183.51863447577122
96.0 168.0210656109679 178.25119388430295
97.0 162.446959187015 173.17686788523974
98.0 157.2679417136659 168.46192920842392
99.0 153.10197625816164 163.91858679320907
100.0 149.45744104429414 159.33102910256403
101.0 146.18163053692945 155.66935076658342
102.0 142.94909697654273 152.26627996151944
103.0 140.01650437353604 149.28061755412986
104.0 137.37049397469332 145.67349569673954
105.0 134.97711458522858 142.80406577624802
106.0 132.0360364669225 141.4750874142848
107.0 129.06717304503846 139.7260407520675
108.0 126.20352198786617 137.64060170959476
109.0 123.73665125450977 135.913972052476
110.0 121.51996664905178 133.98304018242396
111.0 119.96208715924368 131.57987849549315
112.0 118.45371791718158 129.27552281219224
113.0 117.06956667843274 127.61877691137315
114.0 115.09730506018434 125.21865031119336
115.0 113.01439575835728 122.4538119392131
116.0 111.08840444778903 120.89403881006976
117.0 109.40651368340212 118.88518474747436
118.0 107.41098336529615 117.02857475696631
119.0 104.86970819880966 114.82202565380904
120.0 102.81804183619755 112.88009299769627
121.0 101.61815407017382 110.90943013837824
122.0 100.40542271993158 108.84377360877917
123.0 98.79241709756747 106.87974533307695
124.0 97.01249362259789 104.94940789388745
125.0 95.3883434262728 103.34216307993191
126.0 93.84712238426141 101.949654981291
127.0 92.36147779679376 100.67569432538176
128.0 90.85640232743035 99.5595542627025
129.0 89.49624942445682 98.25739959127242
130.0 88.36978242445993 96.8860919565388
131.0 87.51357044483925 95.50696312869017
132.0 86.11655361501899 93.70376549332164
133.0 84.65285434119998 91.62754209391372
134.0 83.27559836294981 89.24957793646838
135.0 81.97522449248761 87.25853374721582
136.0 80.62436916030083 85.92604408285838
137.0 79.73107164019308 85.1687387880495
138.0 78.6458688796169 84.23266890652688
139.0 77.601078287758 83.75813846616586
140.0 76.43225304240367 82.97262575226218
141.0 75.43552846479987 81.84241823737247
142.0 74.38723247048746 80.13187366299562
143.0 73.36668522938498 78.8916606357157
144.0 72.47331639148652 77.57815665060461
145.0 71.62007066772733 75.44645339911423
146.0 70.37604399296026 73.55084554319438
147.0 68.44147315795367 72.12693926695151
148.0 67.03423068799437 70.62567304968518
149.0 66.1428676079171 69.5546421743454
150.0 65.11601615815961 68.79987006656806
151.0 64.23605486941892 68.06897095795725
152.0 63.06374958110235 66.49935108000699
153.0 61.491351811936575 64.61692701662096
154.0 60.290754498964695 62.86844463926157
155.0 59.26585180885696 61.316926068829765
156.0 58.460462643853496 60.080730550482784
157.0 57.03134216712412 58.72388569643146
158.0 55.700258560355614 57.8123073314418
159.0 54.562516422547425 57.13560163913579
160.0 52.987754085156965 55.95387346715553
161.0 51.35508601055647 54.14843629528175
162.0 49.732077303929984 52.46379162936434
163.0 48.64470397923724 50.38590302003477
164.0 48.08803516104159 48.71992233979031
165.0 47.377274442854485 47.21104522165941
166.0 46.17742690649599 46.14130621402976
167.0 45.39279680814042 45.39511062913169
168.0 45.015054173654775 45.636454608176514
169.0 44.90297743048265 45.65625488384736
170.0 44.52048337097165 45.181812069322
171.0 44.45039521441335 44.731017337248396
172.0 44.698732964237195 44.767118234158886
173.0 45.17823638798334 45.369249864777906
174.0 45.32869647354194 45.98563972890257
175.0 45.75976967318194 46.61801412822418
176.0 46.11260546345003 47.48775867833114
177.0 46.663974783693654 48.33570042416708
178.0 47.19579311323959 48.715193390023124
179.0 47.6228044661852 49.19974566002419
180.0 47.82752642292451 49.05193796733084
181.0 48.35502019836212 49.065036176871196
182.0 48.54906893924649 49.356764164318434
183.0 48.811977616107804 49.81770462169449
184.0 49.126581487760184 50.67085014082894
185.0 49.24629316355889 50.7417745916836
186.0 49.502235877116924 51.17167173831761
187.0 49.58829266299435 51.379922342409785
188.0 49.507621585613904 51.364204460924974
189.0 49.57608178502207 51.37329749852125
190.0 49.59036910900475 51.759063336216656
191.0 49.412903073067376 52.003513243965344
192.0 49.34355535751265 52.30182761672898
193.0 48.93988830717139 52.41807102614834
194.0 48.59267402744447 52.21567591000126
195.0 48.15620035279555 52.04841072244923
196.0 48.07632534759631 52.16533589863175
197.0 48.13558666733025 51.8259715720981
198.0 48.48473535608444 51.10361501136015
199.0 48.60861337919032 50.313455874567815
200.0 48.46656123919142 50.33363511618991
201.0 48.278002852192444 51.042475537675855
202.0 48.162302204285034 51.42378203964449
203.0 48.492392522991146 51.49337061250416
204.0 49.02044876857452 51.297432996465616
205.0 49.296115220602765 51.46246258922506
206.0 49.14057987747882 51.0913662147975
207.0 48.93484705643069 51.08887468120557
208.0 48.71042722867813 51.26410672365972
209.0 48.80404498136482 51.71197555132639
210.0 49.025561379756894 51.958779111335446
211.0 49.39030893485498 51.78680242331598
212.0 50.002887932157584 51.14065325543477
213.0 50.14513974031699 50.915527525056234
214.0 50.02914096646665 50.93711484703377
215.0 50.223098909807796 50.75744129252958
216.0 50.25106352681691 50.845522845319785
217.0 49.982589070576545 51.254788937959255
218.0 50.17791692203732 51.796015255828266
219.0 50.73925667384926 52.00097131758456
220.0 51.11548656573134 51.663974392066066
221.0 50.94125351350016 51.19658847903735
222.0 50.60345336184735 51.19008214624855
223.0 50.833629152785385 51.441449335964734
224.0 51.143886311988986 51.24396795167272
225.0 51.28377254254043 50.60995262786801
226.0 51.622277225263744 50.91243861456604
227.0 52.203659196759595 51.851971985002805
228.0 52.628528671057566 52.670936659188285
229.0 52.896789944315 53.41467997864157
230.0 53.118390831825224 54.48227372471834
231.0 53.16799553902019 55.32014087889956
232.0 53.34019933053691 55.25925505561352
233.0 53.40777750273506 55.04176933141717
234.0 53.26856862243363 54.83418540971987
235.0 52.838508568397216 54.93420713885859
236.0 52.63811482595003 55.017159480310426
237.0 52.54416676862668 54.80098249011634
238.0 52.392995716677056 54.008397234377064
239.0 52.056315596149034 53.18807480201564
240.0 51.04021838943909 52.49025577808608
241.0 50.41397331802799 52.23354280257115
242.0 49.93150513588144 52.208689690381455
243.0 49.93181454347484 51.8393306764579
244.0 50.10802957768398 51.72537666610244
245.0 50.48136878806904 52.05156882550531
246.0 50.70221377603214 52.75814163146324
247.0 50.600722545063675 53.41757993960634
248.0 50.439785385168555 53.83982993826365
249.0 49.95979455903531 53.307856577050885
250.0 49.72734491716117 52.434991236913206
251.0 49.669615309510206 51.91329561869252
252.0 49.56080994645525 51.66113514460266
253.0 49.596975859409255 51.383938026407456
254.0 49.81112546673026 50.83811305820256
255.0 49.529745810347535 50.08492839672635
256.0 48.956657133324995 49.60979481756505
257.0 48.31258048109548 49.243558123762384
258.0 48.090417538246285 49.498351533157766
259.0 48.041135564191194 49.64134493526681
260.0 47.68345452011051 49.58064906330248
261.0 47.34237382275254 48.8772461099474
262.0 47.39197663618062 47.786674778178224
263.0 47.715570184749545 46.61638060013474
264.0 47.81225928286624 45.63447554087351
265.0 47.05355603924974 45.14399833075276
266.0 46.469275768244 45.0710252849445
267.0 46.03861880115657 45.001070037140984
268.0 45.68754487182159 44.37782147644001
269.0 45.14030366431295 43.566257701226455
270.0 44.73330622781062 43.23350988289436
271.0 44.452687864725334 43.2126281417704
272.0 44.37160716765093 43.43824826174007
273.0 44.13545112548449 43.18537375458675
274.0 43.54454693626602 42.60314883687314
275.0 42.764012357198325 41.923141060232766
276.0 41.987536691227135 42.19133501412736
277.0 41.27721897593011 42.30441186312249
278.0 40.54308697441383 41.934900267211674
279.0 40.10729477174429 41.45346853826933
280.0 39.4764333852502 40.44438588781118
281.0 38.89952772511708 39.41432763953304
282.0 38.18579545951621 38.57618462226412
283.0 37.403967350396734 38.20792412820046
284.0 36.6035881381716 37.6563908889039
285.0 35.70072751386606 36.76975513209822
286.0 35.17064213192873 35.78545464311763
287.0 35.128972861999664 34.61301580787143
288.0 34.861901547170646 33.95926530036825
289.0 34.393754861749244 33.77986695856186
290.0 33.9933415457032 33.34954646216702
291.0 33.759825890705926 32.95592035609509
292.0 33.47422162862133 32.24298514898526
293.0 33.01560184055179 31.827037582434436
294.0 32.36301480959129 31.347929988504596
295.0 31.633923018332037 30.384056170748014
296.0 30.90115291763226 29.77935049767619
297.0 30.59179921929679 29.318727922344447
298.0 30.143226900309248 28.858292434833984
299.0 29.533662777115946 28.469312026364083
300.0 28.755695918554363 28.376963050765443
301.0 28.31161146033247 28.460631759019012
302.0 27.809578681727622 27.844492029568084
303.0 27.29111792264241 26.98316531774632
304.0 26.74095729801265 26.451682433177446
305.0 26.34513147479285 26.36171553157689
306.0 26.274494923506573 26.03944586204309
307.0 26.106254713284972 25.726997888014335
308.0 25.590437040491654 25.64440160041902
309.0 25.234352780641178 25.67698632722304
310.0 24.99324129678144 25.666128564405167
311.0 24.766770358632147 25.506948722451476
312.0 24.63362623778861 25.415727244706183
313.0 24.364830166354665 25.062285014924004
314.0 24.071242971775096 24.53098837346459
315.0 23.896022546062607 23.87757513680671
316.0 23.75630755216791 23.782400355184897
317.0 23.50004221457388 23.60539145593713
318.0 23.2246838304297 23.23303308831312
319.0 22.86987713855958 23.19369901515561
320.0 22.54427641270951 23.199222170644425
321.0 22.166628992339763 23.09690523696871
322.0 21.94338197415452 23.00261842689564
323.0 21.734665324311305 22.926558122520994
324.0 21.612943534578502 22.909749615039793
325.0 21.411798815177022 22.29044488667456
326.0 21.48414913535337 21.879704221816247
327.0 21.665384163617365 21.71694118949742
328.0 21.669585040875077 21.402948527996713
329.0 21.64076774147879 21.129804422319822
330.0 21.569566856955916 20.998574594811807
331.0 21.479567133372534 21.210586434432173
332.0 21.380335968050147 21.027488829103305
333.0 21.21839293627005 20.54178543700759
334.0 21.02105234142084 20.047938159415832
335.0 20.933200959618194 19.644491753905722
336.0 20.846454621165243 19.6054420679869
337.0 20.498775802567092 19.568535721574538
338.0 20.224228019135243 19.358091730351685
339.0 20.440690145476346 19.181834459392338
340.0 20.455641985289567 19.05787667281983
341.0 20.212005720442615 19.159637585833156
342.0 19.938399964944118 19.360071390626377
343.0 19.53884642698722 19.800553468062525
344.0 19.251484450462403 19.757039445293902
345.0 19.104738509655512 19.34561149640722
346.0 18.97322868117598 19.269948735600284
347.0 19.026384638291407 19.043901981143126
348.0 18.76397705416428 18.932519233716203
349.0 18.555690533668013 18.67454680923476
350.0 18.464698748548184 18.57377862011781
351.0 18.52139766039694 18.779800407449454
352.0 18.653747824940908 18.664305121062625
353.0 19.044474466567838 18.369932020703672
354.0 19.414186975315026 18.03787567636181
355.0 19.50758158655152 17.24157997827977
356.0 19.24444818335286 17.3103875890881
357.0 18.78716697779689 17.580758124168565
358.0 18.494332229397823 17.846915157411537
359.0 18.13941250922604 18.11400197731012
360.0 17.763970116363602 18.721414866638536
361.0 17.763594478642066 19.15228145329333
362.0 17.839009631464485 19.022113229290678
363.0 17.66736767257741 18.770783573714915
364.0 17.661633010236244 18.954495145299482
365.0 17.73609208384011 18.928986839014097
366.0 17.911939662969672 18.33869127811687
367.0 17.72085817556727 17.895233932323755
368.0 17.359615020950933 18.013109212242075
369.0 17.19258239309796 18.415400595350437
370.0 17.09078615560642 18.42726451925526
371.0 17.066275650010407 18.429467311608757
372.0 17.18962650921519 18.261450261865388
373.0 17.12151440337226 17.832059514930517
374.0 17.043989277952825 17.301697161204814
375.0 16.998159222450607 16.71697963438756
376.0 16.912356188828277 16.647689852149604
377.0 16.88139823564249 16.32616312986234
378.0 16.972617523445024 15.839560267235798
379.0 16.87672476193521 15.732002293899782
380.0 16.40109101113159 15.642352296750321
381.0 16.055464437860536 16.07544323646925
382.0 15.744364410927107 16.17548875800858
383.0 15.717152226295104 16.27831115923057
384.0 16.18305926889159 16.124592815249976
385.0 16.47743110646555 15.385962336212248
386.0 16.518039871165286 15.111513154195876
387.0 16.344686343359 15.164749212924987
388.0 16.04749269266526 15.282627125862634
389.0 15.858709212665087 14.98484582856386
390.0 15.766363835387164 14.500928727954683
391.0 15.809557794764457 14.07074379477466
392.0 15.7345753921094 13.818330197210049
393.0 15.237794261579857 13.896254647017841
394.0 14.636021946553152 14.075943534642416
395.0 14.26306154248485 13.854529428840001
396.0 13.914469139439491 13.486184549380207
397.0 13.749225944733203 12.893999306020437
398.0 13.755753104707642 12.915610917626251
399.0 13.917222148882363 13.364192036446822
400.0 13.669152904355258 13.16003490920344
401.0 13.591622948222996 13.151789522122018
402.0 13.556631394472609 13.0810563589962
403.0 13.447871822165675 13.223659549776796
404.0 13.03571208661335 13.584034185627365
405.0 12.86368324045173 14.150321145735766
406.0 12.898413557080632 14.79062261804724
407.0 13.017397872060464 14.83124355002066
408.0 13.077359349608768 14.457717553484647
409.0 13.086658412064859 14.588964975481478
410.0 13.0055439781766 14.827470623889528
411.0 13.187971331356739 15.044338222176457
412.0 13.515050506621513 15.136697380550864
413.0 13.608170679939818 15.352801382198
414.0 13.472339213437955 15.410261144017355
415.0 13.285202832826759 15.372938805205363
416.0 13.330374387980076 15.498077254970562
417.0 13.20556189466459 15.688655687901528
418.0 12.948715409142247 15.429373171579298
419.0 12.99934576878082 15.121773078715584
420.0 12.740337490618312 14.786049135644948
421.0 12.436467457413656 14.473868393704553
422.0 12.532047695970748 13.92760342938533
423.0 12.776138139666617 13.598629151539402
424.0 12.778758016214008 13.760275192481611
425.0 12.52924926368691 13.513099410487948
426.0 12.35737326497192 13.54500694972269
427.0 12.359528387040566 13.041638793800962
428.0 12.091669116134453 12.730518676620349
429.0 12.199720380736366 12.522737084363536
430.0 12.24979568260797 12.307827688271487
431.0 12.459643186885565 12.255864120081712
432.0 12.51824324667195 11.962164426347508
433.0 12.790398289336364 11.645799336047231
434.0 13.046046177617896 11.538905810169522
435.0 13.166046551296605 11.423525443244083
436.0 13.096131813606277 11.788158176638541
437.0 12.924361506791188 12.002554280573989
438.0 12.723372069278092 11.982205561832547
439.0 12.721634309114556 11.884720919234747
440.0 12.61259686706989 12.06477264733358
441.0 12.523687127713432 12.329866362685918
442.0 12.503204955528444 12.31781291608317
443.0 12.259291572655632 12.044234042067336
444.0 12.050997151834947 11.807952172406027
445.0 11.689873995826172 11.382754578599938
446.0 11.502479397675637 11.310713464665335
447.0 11.585325013293943 11.396178519752372
448.0 11.527952906498674 11.782538889181488
449.0 11.198819098361893 11.97422509674876
450.0 11.071104679972311 12.191950883995416
451.0 11.15564084595616 12.338164095616493
452.0 11.137506560960585 12.270967721293468
453.0 11.056906223324404 12.214467006232729
454.0 11.26253019375794 12.127660587614763
455.0 11.403497951056368 12.318658561463048
456.0 11.218391993663486 12.457042687119916
457.0 11.202385360151567 12.240433950483446
458.0 11.316308415645121 12.33832648147187
459.0 11.800293842434051 12.585518177469742
460.0 12.10964820713532 12.519320978650086
461.0 12.212603936394455 12.684723034537864
462.0 11.91871548143709 13.022490757233092
463.0 11.566417810123092 12.978853994826526
464.0 11.278098591922758 12.866565561521611
465.0 10.920929962792634 12.860635664124207
466.0 10.780990416917888 13.190284196684726
467.0 10.778642153932513 13.17040063366874
468.0 10.546729491570002 13.140369133194564
469.0 10.637314951892844 13.079800002168957
470.0 10.608682569381951 12.810161543294022
471.0 10.534066279827329 12.85995636368737
472.0 10.47988736978832 12.9297412604688
473.0 10.5143575028165 13.122849047068913
474.0 10.768603444075282 13.327071657647865
475.0 11.011077006862092 13.344857544593129
476.0 11.092450626163144 13.263363566516782
477.0 11.056022199170926 12.807253978513897
478.0 11.16914371304979 12.636482487330337
479.0 11.239145178363025 12.236517378220636
480.0 11.106185353073757 11.884247613426204
481.0 11.128405598733561 11.531965082507062
482.0 11.197362705985276 11.008647355618658
483.0 10.880938059618332 10.634301557425124
484.0 10.816068810241191 10.597090267456094
485.0 10.911659982749349 10.57111824513133
486.0 10.898115928833278 10.616113216749214
487.0 10.656680108094132 10.40416678438363
488.0 10.252649269251744 10.477639921348349
489.0 10.29068695342633 10.56033530405684
490.0 10.565268887601993 10.26933495759376
491.0 10.70323746677142 10.156034944017295
492.0 10.836257780075954 10.174900697659114
493.0 11.08214394736306 10.049651689161104
494.0 11.052982694866177 9.95499070041045
495.0 10.682188147775562 9.613438215996865
496.0 10.782059354644943 9.835332687536118
497.0 10.895813189117169 10.20279567872113
498.0 10.897464733025771 10.521849652824075
499.0 10.995688223682883 10.73470229473655
500.0 11.107704736387067 10.612225078913582
